verts 873
0,-0.00084659643471241,0.0002547483891248703,-0.000950693734921515,0.008222630247473717,0
1,-0.0007894969894550741,0.0011483649723231792,0.008495594374835491,0.008111021481454372,0
2,-0.0006184862577356398,0.002320084720849991,0.020410094410181046,0.007999412715435028,0
3,-0.00037216395139694214,0.003713600803166628,0.03436927869915962,0.007887803949415684,0
4,-8.912981138564646e-05,0.005272606387734413,0.04994962364435196,0.007776194717735052,0
5,0.00019201645045541227,0.006940794643014669,0.06672760844230652,0.007664586417376995,0
6,0.00043267509317956865,0.00866185873746872,0.08427970111370087,0.007552977651357651,0
7,0.0005942463758401573,0.010379492305219173,0.10218237340450287,0.007441368885338306,0
8,0.000525727984495461,0.013579241000115871,0.13734538853168488,0.0072181508876383305,0
9,0.00021843888680450618,0.014948742464184761,0.1537586748600006,0.007106542121618986,0
10,-0.0003223364765290171,0.016089586541056633,0.16882844269275665,0.006994933355599642,0
11,-0.001135198399424553,0.01694546639919281,0.18213117122650146,0.0068833245895802975,0
12,-0.002481956034898758,0.017648760229349136,0.19522638618946075,0.006691602990031242,0
13,-0.004497344605624676,0.01835470274090767,0.20972244441509247,0.004335065372288227,0
14,-0.007029620464891195,0.019041001796722412,0.2252694070339203,0.006308159325271845,0
15,-0.009926681406795979,0.01968572288751602,0.24151694774627686,0.00611643772572279,0
16,-0.013036663644015789,0.020266694948077202,0.2581150233745575,0.005924716126173735,0
17,-0.01620764471590519,0.020761804655194283,0.2747134864330292,0.0057329945266246796,0
18,-0.019287701696157455,0.021148938685655594,0.29096218943595886,0.005541272461414337,0
19,-0.022124910727143288,0.021405985578894615,0.3065110445022583,0.005349551327526569,0
20,-0.02456734888255596,0.021510832011699677,0.32100987434387207,0.005157829727977514,0
21,-0.026463152840733528,0.021441424265503883,0.33410853147506714,0.0036006299778819084,0
22,-0.027660220861434937,0.02117547206580639,0.3454570472240448,0.004774386063218117,0
23,-0.02800680883228779,0.02069104090332985,0.3547050654888153,0.004582664463669062,0
24,-0.0276766587048769,0.01983218640089035,0.3649195730686188,0.004552029073238373,0
25,-0.027048775926232338,0.018846362829208374,0.3744173049926758,0.004521393682807684,0
26,-0.02615876868367195,0.017757456749677658,0.3832385540008545,0.004490758292376995,0
27,-0.025042248889803886,0.01658935844898224,0.39142361283302307,0.004460122436285019,0
28,-0.023734765127301216,0.015366015024483204,0.39901286363601685,0.0033760680817067623,0
29,-0.022272108122706413,0.014111137017607689,0.40604639053344727,0.004398851655423641,0
30,-0.020689707249403,0.012848791666328907,0.4125647246837616,0.004368216264992952,0
31,-0.01902323216199875,0.011602806858718395,0.41860806941986084,0.0043375808745622635,0
32,-0.017308294773101807,0.010397071950137615,0.42421674728393555,0.004306945484131575,0
33,-0.015580503270030022,0.009255475364625454,0.4294310510158539,0.004276310093700886,0
34,-0.013875467702746391,0.008201905526220798,0.434291273355484,0.004245674703270197,0
35,-0.012228801846504211,0.007260247599333525,0.4388377070426941,0.004215039312839508,0
36,-0.010217218659818172,0.00621738750487566,0.44403019547462463,0.004031952936202288,0
37,-0.007473711855709553,0.004878858104348183,0.45058390498161316,0.003848866792395711,0
38,-0.004118295386433601,0.0032965317368507385,0.4581722021102905,0.003665780648589134,0
39,-0.0002709839027374983,0.0015222805086523294,0.4664684534072876,0.003482694271951914,0
40,0.0039482079446315765,-0.0003920234739780426,0.4751460552215576,0.0032996078953146935,0
41,0.00841926597058773,-0.0023945081047713757,0.48387837409973145,0.0031165217515081167,0
42,0.013022175058722496,-0.004433301277458668,0.49233877658843994,0.0029334353748708963,0
43,0.017636921256780624,-0.006456530652940273,0.500200629234314,0.0027503492310643196,0
44,0.022143490612506866,-0.008412324823439121,0.5071373581886292,0.0025672628544270992,0
45,0.026421867311000824,-0.010248810984194279,0.5128222703933716,0.002384176477789879,0
46,0.030352039262652397,-0.011914117261767387,0.5169287919998169,0.0022010905668139458,0
47,0.03381398692727089,-0.013356374576687813,0.5191302299499512,0.0020180041901767254,1
48,-0.003082199487835169,0.025811437517404556,0.21941150724887848,0.002170250052586198,0
49,-0.001616134075447917,0.03164771944284439,0.23018500208854675,0.002170249819755554,0
50,-0.0001431188138667494,0.03686545416712761,0.24127309024333954,0.002170250052586198,0
51,0.0013302210718393326,0.04166523367166519,0.2525496482849121,0.002170249819755554,0
52,0.0028008422814309597,0.04624016955494881,0.2639198303222656,0.002170250052586198,0
53,0.004265318624675274,0.05065922439098358,0.275352418422699,0.002170250052586198,0
54,0.0057152388617396355,0.055043578147888184,0.28680023550987244,0.002170250052586198,0
55,0.007163229398429394,0.0596483089029789,0.2981613874435425,0.002170250052586198,0
56,0.008704190142452717,0.06419005990028381,0.3095357120037079,0.002170249819755554,0
57,0.010323897004127502,0.06865100562572479,0.3209311366081238,0.002170250052586198,0
58,0.012012360617518425,0.07304994761943817,0.33234065771102905,0.002170250052586198,0
59,0.015620430931448936,0.08167877048254013,0.35518860816955566,0.002170250052586198,0
60,0.01748952642083168,0.08589685708284378,0.3666382431983948,0.002170249819755554,0
61,0.0193784199655056,0.09004773199558258,0.3781091570854187,0.0021670900750905275,1
62,0.021360814571380615,0.0941481664776802,0.3895823657512665,0.002170250052586198,0
63,0.0235148798674345,0.0982276052236557,0.4010320007801056,0.002170250052586198,1
64,0.0006381901912391186,0.012037329375743866,0.12001205235719681,0.0043103680945932865,0
65,0.0004556755011435598,0.00658961059525609,0.13185176253318787,0.001290976069867611,0
66,0.000692851550411433,0.0006826219032518566,0.1434747725725174,0.001290976069867611,0
67,0.0011271516559645534,-0.010807368904352188,0.16687893867492676,0.001290976069867611,0
68,0.0006686839042231441,-0.015340258367359638,0.17907774448394775,0.001290976069867611,0
69,-0.0003394060768187046,-0.02746151015162468,0.2011793851852417,0.001290976069867611,0
70,-0.024457458406686783,0.018053177744150162,0.4121617078781128,0.002214238280430436,0
71,-0.024705009534955025,0.021591823548078537,0.4251277446746826,0.0021270448341965675,0
72,-0.025483736768364906,0.030706800520420074,0.4503917694091797,0.001971714897081256,0
73,-0.026465246453881264,0.03646059334278107,0.4624955952167511,0.0018963344627991319,0
74,-0.030979495495557785,0.05126304179430008,0.4843294024467468,0.0017381943762302399,0
75,-0.033054329454898834,0.020647794008255005,0.3445225656032562,0.0022351520601660013,0
76,-0.03960694372653961,0.019976433366537094,0.3549697995185852,0.0022351520601660013,0
77,-0.04629044607281685,0.019280362874269485,0.36533182859420776,0.0022351520601660013,0
78,-0.05325145646929741,0.018439706414937973,0.3754974901676178,0.0022351520601660013,0
79,-0.060654789209365845,0.01732141338288784,0.3853157162666321,0.0022351520601660013,0
80,-0.06861049681901932,0.015764670446515083,0.39462941884994507,0.0022351520601660013,0
81,-0.07655851542949677,0.013913197442889214,0.40389901399612427,0.0022351520601660013,0
82,-0.08451123535633087,0.01193698775023222,0.4131389260292053,0.0022351520601660013,0
83,-0.10101819783449173,0.007697323802858591,0.43101078271865845,0.0022351520601660013,0
84,-0.10981318354606628,0.005404587369412184,0.4393695592880249,0.0022351520601660013,0
85,-0.12996253371238708,0.00016384091577492654,0.45238322019577026,0.002235152292996645,0
86,0.03646637126803398,0.06056646630167961,0.35120537877082825,0.0007373283733613789,1
87,0.03956696018576622,0.05779355391860008,0.3479735851287842,0.0005038984236307442,1
88,0.044313494116067886,0.05442854017019272,0.3450051248073578,0.00021444380399771035,1
89,0.049454234540462494,0.05770443379878998,0.3563755750656128,0.0007373283733613789,1
90,0.05152431130409241,0.05585312470793724,0.35421788692474365,0.0005038984236307442,1
91,0.05469329282641411,0.05360650643706322,0.3522360324859619,0.00021444380399771035,1
92,0.06293586641550064,0.055415425449609756,0.360716849565506,0.0007373283733613789,1
93,0.06436789780855179,0.054134733974933624,0.35922423005104065,0.0005038984236307442,1
94,0.06656012684106827,0.0525805689394474,0.3578532338142395,0.00021444380399771035,1
95,0.0762091875076294,0.054236866533756256,0.36569589376449585,0.0007065468234941363,1
96,0.07670482993125916,0.053493790328502655,0.36450496315956116,0.0007373283733613789,1
97,0.07776130735874176,0.05254896357655525,0.3634037673473358,0.0005038984236307442,1
98,0.07937861979007721,0.05140238627791405,0.3623923063278198,0.00021444380399771035,1
99,0.09064140170812607,0.05184275284409523,0.3679424226284027,0.0007373283733613789,1
100,0.09147480130195618,0.051097434014081955,0.36707377433776855,0.0005038984236307442,1
101,0.09275060147047043,0.05019296333193779,0.3662759065628052,0.00021444380399771035,1
102,0.035257741808891296,0.06443054974079132,0.3587246835231781,0.0007373283733613789,1
103,0.037073563784360886,0.0657651349902153,0.3634858727455139,0.0005038984236307442,1
104,0.040459197014570236,0.06675101816654205,0.36898404359817505,0.00021444380399771035,1
105,0.04848305881023407,0.05916043370962143,0.35870909690856934,0.0007889815606176853,1
106,0.04864730313420296,0.06028425693511963,0.36139577627182007,0.0007373283733613789,1
107,0.04985962063074112,0.06117527559399605,0.36457452178001404,0.0005038984236307442,1
108,0.05212000757455826,0.061833493411540985,0.36824533343315125,0.00021444380399771035,1
109,0.06237764656543732,0.05720008909702301,0.3641897141933441,0.0007373283733613789,1
110,0.06321629881858826,0.05781647935509682,0.3663887083530426,0.0005038984236307442,1
111,0.06477998942136765,0.05827181786298752,0.36892810463905334,0.00021444380399771035,1
112,0.07629301398992538,0.05481041595339775,0.36706703901290894,0.0007373283733613789,1
113,0.07691172510385513,0.0552651546895504,0.36868932843208313,0.0005038984236307442,1
114,0.07806532829999924,0.055601079016923904,0.37056276202201843,0.00021444380399771035,1
115,0.0902504175901413,0.052428923547267914,0.36888188123703003,0.000688403844833374,1
116,0.090316541492939,0.05288136377930641,0.36996352672576904,0.0007373283733613789,1
117,0.09080460667610168,0.053240079432725906,0.37124326825141907,0.0005038984236307442,1
118,0.09171462059020996,0.053505074232816696,0.3727211058139801,0.00021444380399771035,1
119,0.022387424483895302,0.06801652163267136,0.349963515996933,0.0013282918371260166,1
120,0.03501173481345177,0.0627472847700119,0.35470050573349,0.0008727912791073322,1
121,0.06226402521133423,0.056422650814056396,0.3623311221599579,0.0007370903622359037,1
122,0.10435320436954498,0.05089344456791878,0.3719377815723419,0.0001639864785829559,1
123,0.04310664162039757,0.07115878909826279,0.386030375957489,0.0007911100401543081,1
124,0.046351052820682526,0.06810922920703888,0.3825494945049286,0.0005406534764915705,1
125,0.051339201629161835,0.06436601281166077,0.37935224175453186,0.00023008562857285142,1
126,0.05691445618867874,0.06759774684906006,0.3916032016277313,0.0007911100401543081,1
127,0.05908055603504181,0.06556173413991928,0.38927921652793884,0.0005406534764915705,1
128,0.06241084635257721,0.06306260824203491,0.3871445953845978,0.00023008562857285142,1
129,0.07127494364976883,0.06464198231697083,0.3962939977645874,0.0007911100401543081,1
130,0.07277340441942215,0.06323350965976715,0.39468634128570557,0.0005406534764915705,1
131,0.07507722079753876,0.061504676938056946,0.39320966601371765,0.00023008562857285142,1
132,0.08595854043960571,0.06207549571990967,0.4003959894180298,0.0007911100401543081,1
133,0.08706402778625488,0.061036404222249985,0.3992099165916443,0.0005406534764915705,1
134,0.08876365423202515,0.059760965406894684,0.3981204926967621,0.00023008562857285142,1
135,0.10042925924062729,0.06042994186282158,0.4051368832588196,0.0007386169745586812,1
136,0.10083261877298355,0.05979670211672783,0.40412500500679016,0.0007911100401543081,1
137,0.1017046719789505,0.058977022767066956,0.40318939089775085,0.0005406534764915705,1
138,0.10304541885852814,0.05797090008854866,0.4023300111293793,0.00023008562857285142,1
139,0.041605960577726364,0.07351469993591309,0.3897949159145355,0.0009364538709633052,1
140,0.04190973937511444,0.0752740353345871,0.3941292464733124,0.0007911100401543081,1
141,0.0438818596303463,0.07659894227981567,0.3992574214935303,0.0005406534764915705,1
142,0.04752231389284134,0.07748942822217941,0.40517938137054443,0.00023008562857285142,1
143,0.05611535534262657,0.07034524530172348,0.39701032638549805,0.0007911100401543081,1
144,0.05743202194571495,0.07122981548309326,0.40043410658836365,0.0005406534764915705,1
145,0.059862539172172546,0.0718243420124054,0.40438786149024963,0.00023008562857285142,1
146,0.0705818459391594,0.06573008000850677,0.3980327248573303,0.0007908547413535416,1
147,0.07072214037179947,0.06654264032840729,0.4000345468521118,0.0007911100401543081,1
148,0.071632981300354,0.06715456396341324,0.4024030268192291,0.0005406534764915705,1
149,0.0733143612742424,0.06756584346294403,0.40513816475868225,0.00023008562857285142,1
150,0.0855507180094719,0.06347770243883133,0.40315553545951843,0.0007911100401543081,1
151,0.08622268587350845,0.06392914056777954,0.4049028754234314,0.0005406534764915705,1
152,0.08746311068534851,0.06423256546258926,0.4069207012653351,0.00023008562857285142,1
153,0.10051091015338898,0.06090282276272774,0.4063018560409546,0.0007911100401543081,1
154,0.10104098916053772,0.061258938163518906,0.4076802432537079,0.0005406534764915705,1
155,0.10201948881149292,0.061498288065195084,0.4092719852924347,0.00023008562857285142,1
156,0.02826833352446556,0.079640693962574,0.38471102714538574,0.001425179187208414,1
157,0.05591253936290741,0.06917064636945724,0.3941165804862976,0.0008465309510938823,1
158,0.08544720709323883,0.06287823617458344,0.4016786813735962,0.0007580833043903112,1
159,0.11548720300197601,0.05827293545007706,0.40845823287963867,0.00017594786186236888,1
160,-0.00939557421952486,-0.0032034851610660553,0.15802574157714844,0.000277005136013031,1
161,-0.010891057550907135,-0.0026782858185470104,0.15684084594249725,0.0001893083972390741,1
162,-0.013041116297245026,-0.0022151449229568243,0.1557525098323822,8.056387741817161e-05,1
163,-0.01427463162690401,-0.004374074283987284,0.15991303324699402,0.000277005136013031,1
164,-0.01527307741343975,-0.004023429471999407,0.15912194550037384,0.0001893083972390741,1
165,-0.01670854352414608,-0.0037142178043723106,0.15839533507823944,8.056387741817161e-05,1
166,-0.019232550635933876,-0.0058001806028187275,0.16147437691688538,0.000277005136013031,1
167,-0.0199232529848814,-0.005557612515985966,0.16092711687088013,0.0001893083972390741,1
168,-0.020916277542710304,-0.00534370681270957,0.16042447090148926,8.056387741817161e-05,1
169,-0.023944545537233353,-0.007585166022181511,0.1632554978132248,0.00026544087450020015,1
170,-0.024231070652604103,-0.00738506717607379,0.16281884908676147,0.000277005136013031,1
171,-0.024740632623434067,-0.007206113543361425,0.16241511702537537,0.0001893083972390741,1
172,-0.025473231449723244,-0.007048305589705706,0.16204428672790527,8.056387741817161e-05,1
173,-0.0292444359511137,-0.009081176482141018,0.16402529180049896,0.000277005136013031,1
174,-0.02964640036225319,-0.008940010331571102,0.16370682418346405,0.0001893083972390741,1
175,-0.030224306508898735,-0.008815525099635124,0.16341428458690643,8.056387741817161e-05,1
176,-0.008371999487280846,-0.004486376419663429,0.160782590508461,0.000277005136013031,1
177,-0.008779429830610752,-0.005324880592525005,0.16252820193767548,0.0001893083972390741,1
178,-0.009776958264410496,-0.0063062552362680435,0.1645440310239792,8.056387741817161e-05,1
179,-0.013591251336038113,-0.0052305846475064754,0.1617536097764969,0.000277005136013031,1
180,-0.013863268308341503,-0.005790404509752989,0.1629190593957901,0.0001893083972390741,1
181,-0.014529258944094181,-0.006445609964430332,0.16426490247249603,8.056387741817161e-05,1
182,-0.018759801983833313,-0.006392695941030979,0.16274765133857727,0.000277005136013031,1
183,-0.01894797757267952,-0.006779966875910759,0.1635538786649704,0.0001893083972390741,1
184,-0.0194086953997612,-0.007233223877847195,0.164484903216362,8.056387741817161e-05,1
185,-0.02388230338692665,-0.007822192274034023,0.16375820338726044,0.000277005136013031,1
186,-0.024021128192543983,-0.008107899688184261,0.16435299813747406,0.0001893083972390741,1
187,-0.02436101995408535,-0.008442288264632225,0.16503985226154327,8.056387741817161e-05,1
188,-0.02901841327548027,-0.009239023551344872,0.16436973214149475,0.0002586247865110636,1
189,-0.028969313949346542,-0.009426000528037548,0.16476629674434662,0.000277005136013031,1
190,-0.029078824445605278,-0.009651378728449345,0.1652355045080185,0.0001893083972390741,1
191,-0.029346946626901627,-0.009915158152580261,0.165777325630188,8.056387741817161e-05,1
192,-0.0034211277961730957,-0.0035063503310084343,0.15753352642059326,0.0004990227753296494,1
193,-0.008554666303098202,-0.0037907427176833153,0.15930718183517456,0.00032789685064926744,1
194,-0.013713207095861435,-0.004766151309013367,0.1607685685157776,0.0002964105806313455,1
195,-0.01884416863322258,-0.006071411073207855,0.16206622123718262,0.00027691569994203746,1
196,-0.03407052904367447,-0.010992669500410557,0.16542944312095642,6.160768680274487e-05,1
197,-0.012348956428468227,-0.01615004613995552,0.19725529849529266,0.0004355731944087893,1
198,-0.013367383740842342,-0.015151293016970158,0.1956062614917755,0.0003679693618323654,1
199,-0.015259810723364353,-0.014149084687232971,0.19408148527145386,0.0002514743828214705,1
200,-0.018026236444711685,-0.013143417425453663,0.1926809549331665,0.00010701982682803646,1
201,-0.019990568980574608,-0.016154443845152855,0.1980222910642624,0.0003679693618323654,1
202,-0.021254030987620354,-0.015485327690839767,0.1970042735338211,0.0002514743828214705,1
203,-0.02310100942850113,-0.014813903719186783,0.19606922566890717,0.00010701982682803646,1
204,-0.02628166228532791,-0.017917782068252563,0.20074695348739624,0.0003678506182041019,1
205,-0.026752032339572906,-0.017456499859690666,0.1999853253364563,0.0003679693618323654,1
206,-0.027626067399978638,-0.01699361950159073,0.19928109645843506,0.0002514743828214705,1
207,-0.028903767466545105,-0.0165291428565979,0.19863425195217133,0.00010701982682803646,1
208,-0.0335882268846035,-0.01894431933760643,0.20164790749549866,0.0003679693618323654,1
209,-0.03423304110765457,-0.018602831289172173,0.20112836360931396,0.0002514743828214705,1
210,-0.03517565876245499,-0.0182601660490036,0.2006511390209198,0.00010701982682803646,1
211,-0.04045889899134636,-0.02056533470749855,0.20311832427978516,0.0003679693618323654,1
212,-0.040967557579278946,-0.02029595524072647,0.20270848274230957,0.0002514743828214705,1
213,-0.04171113297343254,-0.020025646314024925,0.2023320347070694,0.00010701982682803646,1
214,-0.012216615490615368,-0.0172138474881649,0.19915392994880676,0.0003679693618323654,1
215,-0.012885784730315208,-0.018404118716716766,0.2014002948999405,0.0002514743828214705,1
216,-0.014356464147567749,-0.019720856100320816,0.20399437844753265,0.00010701982682803646,1
217,-0.01931062713265419,-0.016821250319480896,0.19912324845790863,0.00039374729385599494,1
218,-0.01922226883471012,-0.017531489953398705,0.20039086043834686,0.0003679693618323654,1
219,-0.019669033586978912,-0.018326163291931152,0.20189061760902405,0.0002514743828214705,1
220,-0.020650919526815414,-0.01920527033507824,0.20362253487110138,0.00010701982682803646,1
221,-0.026220539584755898,-0.018409110605716705,0.2016238570213318,0.0003679693618323654,1
222,-0.026529600843787193,-0.01895884796977043,0.20266136527061462,0.0002514743828214705,1
223,-0.027208847925066948,-0.019566994160413742,0.20385946333408356,0.00010701982682803646,1
224,-0.033241212368011475,-0.019284628331661224,0.20220980048179626,0.0003526076325215399,1
225,-0.03319611772894859,-0.019647102802991867,0.20285671949386597,0.0003679693618323654,1
226,-0.03342412784695625,-0.020052669569849968,0.20362213253974915,0.0002514743828214705,1
227,-0.033925238996744156,-0.020501326769590378,0.2045060247182846,0.00010701982682803646,1
228,-0.040149588137865067,-0.021119721233844757,0.20407187938690186,0.0003679693618323654,1
229,-0.040329452604055405,-0.021439649164676666,0.20467567443847656,0.0002514743828214705,1
230,-0.040724750608205795,-0.02179356850683689,0.20537292957305908,0.00010701982682803646,1
231,-0.005516447592526674,-0.016360601410269737,0.19491660594940186,0.000662894279230386,1
232,-0.04018516093492508,-0.020833786576986313,0.20356157422065735,0.0003435532271396369,1
233,-0.04711420461535454,-0.022513115778565407,0.20483282208442688,8.18387052277103e-05,1
234,-0.0013663158752024174,0.022732850164175034,0.4441241919994354,0.0006204743403941393,1
235,0.0020495299249887466,0.022002071142196655,0.44139525294303894,0.0004240390844643116,1
236,0.006917010061442852,0.021514540538191795,0.43888869881629944,0.00018045809702016413,1
237,0.008032104931771755,0.026608001440763474,0.4504632353782654,0.0006639413768425584,1
238,0.009343491867184639,0.025957699865102768,0.4484928250312805,0.0006204743403941393,1
239,0.0116240493953228,0.02546980232000351,0.44667086005210876,0.0004240390844643116,1
240,0.014873778447508812,0.02514430694282055,0.4449973702430725,0.00018045809702016413,1
241,0.02017826959490776,0.029812440276145935,0.4521690309047699,0.0006204743403941393,1
242,0.02175590954720974,0.029474923387169838,0.4509086608886719,0.0004240390844643116,1
243,0.024004001170396805,0.029249753803014755,0.44975095987319946,0.00018045809702016413,1
244,0.031071726232767105,0.034059103578329086,0.45538297295570374,0.0006204743403941393,1
245,0.03223562240600586,0.033810101449489594,0.45445314049720764,0.0004240390844643116,1
246,0.033894140273332596,0.03364398330450058,0.45359906554222107,0.00018045809702016413,1
247,0.041976142674684525,0.038575876504182816,0.45830416679382324,0.0006204743403941393,1
248,0.04289427399635315,0.038379453122615814,0.4575706720352173,0.0004240390844643116,1
249,0.04420258477330208,0.03824841231107712,0.45689693093299866,0.00018045809702016413,1
250,-0.0033305268734693527,0.02370687946677208,0.4470755457878113,0.0007344686891883612,1
251,-0.003841821802780032,0.025014186277985573,0.4504735469818115,0.0006204743403941393,1
252,-0.003057419555261731,0.0267084501683712,0.454493910074234,0.0004240390844643116,1
253,-0.000977320596575737,0.028789667412638664,0.45913660526275635,0.00018045809702016413,1
254,0.007690742611885071,0.02748081460595131,0.4527319073677063,0.0006204743403941393,1
255,0.008214442059397697,0.02861197292804718,0.4554160535335541,0.0004240390844643116,1
256,0.009603201411664486,0.030001480132341385,0.4585157334804535,0.00018045809702016413,1
257,0.019034935161471367,0.030866097658872604,0.45510154962539673,0.0006204743403941393,1
258,0.01939721778035164,0.03164860978722572,0.4569583833217621,0.0004240390844643116,1
259,0.020357931032776833,0.032609838992357254,0.45910266041755676,0.00018045809702016413,1
260,0.030402451753616333,0.03439099341630936,0.45638859272003174,0.0005945711163803935,1
261,0.030228236690163612,0.034836433827877045,0.4575464129447937,0.0006204743403941393,1
262,0.03049550950527191,0.035413727164268494,0.4589163064956665,0.0004240390844643116,1
263,0.03120427019894123,0.036122873425483704,0.46049821376800537,0.00018045809702016413,1
264,0.041310761123895645,0.03918907046318054,0.4600107967853546,0.0006204743403941393,1
265,0.041521597653627396,0.03964446112513542,0.46109139919281006,0.0004240390844643116,1
266,0.042080700397491455,0.04020386561751366,0.46233931183815,0.00018045809702016413,1
267,-0.02495839260518551,0.025759384036064148,0.4379057288169861,0.0018147897208109498,1
268,-0.014766929671168327,0.02239425666630268,0.44308826327323914,0.0011177801061421633,1
269,0.019271081313490868,0.030262304469943047,0.4535321593284607,0.000620274047832936,1
270,0.041448190808296204,0.03883768245577812,0.4590974748134613,0.0005793034797534347,1
271,0.05242651328444481,0.04351050779223442,0.4616987407207489,0.00013799739826936275,1
272,-0.0035786957014352083,0.04635878652334213,0.4817637801170349,0.0006543594063259661,1
273,0.0002925512380897999,0.04566643387079239,0.47923633456230164,0.0004471965366974473,1
274,0.005603248253464699,0.04556573927402496,0.47691482305526733,0.00019031320698559284,1
275,0.006570844911038876,0.052812084555625916,0.48572665452957153,0.0006543594063259661,1
276,0.009155447594821453,0.052349843084812164,0.4840392470359802,0.0004471965366974473,1
277,0.012701086699962616,0.05228261649608612,0.48248931765556335,0.00019031320698559284,1
278,0.016779592260718346,0.059760939329862595,0.48882773518562317,0.0006543594063259661,1
279,0.018567563965916634,0.05944117158651352,0.48766040802001953,0.0004471965366974473,1
280,0.02102035842835903,0.05939466506242752,0.4865882098674774,0.00019031320698559284,1
281,0.02700771577656269,0.06700683385133743,0.4913598299026489,0.0006543594063259661,1
282,0.02832678332924843,0.06677092611789703,0.4904986321926117,0.0004471965366974473,1
283,0.030136320739984512,0.0667366161942482,0.4897076189517975,0.00019031320698559284,1
284,0.03656318411231041,0.0748027116060257,0.49426016211509705,0.0006109402165748179,1
285,0.03721681237220764,0.07445758581161499,0.4935254752635956,0.0006543594063259661,1
286,0.03825734928250313,0.07427149266004562,0.49284613132476807,0.0004471965366974473,1
287,0.03968479111790657,0.0742444321513176,0.4922221302986145,0.00019031320698559284,1
288,-0.007034928537905216,0.04966265708208084,0.48764434456825256,0.0006543594063259661,1
289,-0.006837630644440651,0.05248229205608368,0.4913678467273712,0.0004471965366974473,1
290,-0.005418597720563412,0.05610170587897301,0.4956677556037903,0.00019031320698559284,1
291,0.004263322334736586,0.05501788482069969,0.48965275287628174,0.0006543594063259661,1
292,0.004395046271383762,0.05690038949251175,0.49213874340057373,0.0004471965366974473,1
293,0.005342450924217701,0.059316858649253845,0.49500954151153564,0.00019031320698559284,1
294,0.015183299779891968,0.061286862939596176,0.4915437400341034,0.0006543594063259661,1
295,0.01527442317456007,0.0625891387462616,0.49326348304748535,0.0004471965366974473,1
296,0.0159298162907362,0.06426079571247101,0.4952494204044342,0.00019031320698559284,1
297,0.0261791180819273,0.0674443393945694,0.4922911822795868,0.0006270416197367013,1
298,0.02583005651831627,0.06813257932662964,0.49336352944374084,0.0006543594063259661,1
299,0.025897283107042313,0.06909332424402237,0.4946322441101074,0.0004471965366974473,1
300,0.02638079598546028,0.07032658159732819,0.4960973858833313,0.00019031320698559284,1
301,0.0362878255546093,0.07534562051296234,0.4951060712337494,0.0006543594063259661,1
302,0.036340855062007904,0.07610350102186203,0.496106892824173,0.0004471965366974473,1
303,0.036722272634506226,0.07707634568214417,0.4972626566886902,0.00019031320698559284,1
304,-0.017304353415966034,0.04305937513709068,0.48043444752693176,0.0011788239935413003,1
305,-0.0060104914009571075,0.047642797231674194,0.48449718952178955,0.0007745791808702052,1
306,0.004947278182953596,0.053669340908527374,0.48755162954330444,0.0007002002093940973,1
307,0.015656445175409317,0.060353975743055344,0.4900902211666107,0.0006541481707245111,1
308,0.04684212803840637,0.0823497325181961,0.4960613548755646,0.0001455336605431512,1
309,-0.09765660017728806,0.031042499467730522,0.43256625533103943,0.0007506507681682706,1
310,-0.09592417627573013,0.033444058150053024,0.4302530884742737,0.0006341448752209544,1
311,-0.09473403543233871,0.03725633770227432,0.42811426520347595,0.0004333817050792277,1
312,-0.0940861701965332,0.042479339987039566,0.42614972591400146,0.00018443404405843467,1
313,-0.10230843722820282,0.04339488223195076,0.4335440397262573,0.0006341448752209544,1
314,-0.10151384770870209,0.04594011604785919,0.4321160614490509,0.0004333817050792277,1
315,-0.10108131170272827,0.049427203834056854,0.43080443143844604,0.00018443404405843467,1
316,-0.10903467237949371,0.053458645939826965,0.4359395503997803,0.0006341448752209544,1
317,-0.10848499089479446,0.0552193820476532,0.43495169281959534,0.0004333817050792277,1
318,-0.1081857681274414,0.05763167515397072,0.43404436111450195,0.00018443404405843467,1
319,-0.11595858633518219,0.06357655674219131,0.43774744868278503,0.0006341448752209544,1
320,-0.11555305868387222,0.064875528216362,0.43701866269111633,0.0004333817050792277,1
321,-0.11533231288194656,0.06665518879890442,0.4363492727279663,0.00018443404405843467,1
322,-0.12302399426698685,0.0736994743347168,0.43917348980903625,0.0006341448752209544,1
323,-0.12270410358905792,0.07472416013479233,0.4385986030101776,0.0004333817050792277,1
324,-0.12252996861934662,0.0761280357837677,0.4380705654621124,0.00018443404405843467,1
325,-0.10010175406932831,0.030018949881196022,0.43522948026657104,0.0006341448752209544,1
326,-0.10335234552621841,0.030190367251634598,0.43838047981262207,0.0004333817050792277,1
327,-0.10740837454795837,0.03155675157904625,0.4420192241668701,0.00018443404405843467,1
328,-0.10509756207466125,0.041108138859272,0.4368664622306824,0.0006341448752209544,1
329,-0.10726778209209442,0.04122258350253105,0.4389702081680298,0.0004333817050792277,1
330,-0.10997575521469116,0.042134840041399,0.44139957427978516,0.00018443404405843467,1
331,-0.11096411943435669,0.0518767274916172,0.43823790550231934,0.0006341448752209544,1
332,-0.11246544122695923,0.051955897361040115,0.43969324231147766,0.0004333817050792277,1
333,-0.11433874815702438,0.05258697643876076,0.4413738250732422,0.00018443404405843467,1
334,-0.11738202720880508,0.062409501522779465,0.43944305181503296,0.0006341448752209544,1
335,-0.11848961561918259,0.06246791034936905,0.44051671028137207,0.0004333817050792277,1
336,-0.11987164616584778,0.06293348222970963,0.44175657629966736,0.00018443404405843467,1
337,-0.12348964810371399,0.07305397838354111,0.43979525566101074,0.0005920669646002352,1
338,-0.12414687126874924,0.0727788582444191,0.4405110776424408,0.0006341448752209544,1
339,-0.1250205785036087,0.07282493263483047,0.4413580000400543,0.0004333817050792277,1
340,-0.12611079216003418,0.07319219410419464,0.4423360526561737,0.00018443404405843467,1
341,-0.09262814372777939,0.009867733344435692,0.42221349477767944,0.0019022829364985228,1
342,-0.09308946132659912,0.020072007551789284,0.42884954810142517,0.0011424075346440077,1
343,-0.10346507281064987,0.04179149866104126,0.4350883662700653,0.0006785695441067219,1
344,-0.10983481258153915,0.05234946310520172,0.437007874250412,0.0006339401588775218,1
345,-0.11654888093471527,0.06275825947523117,0.4385356307029724,0.000607670983299613,1
346,-0.1305895745754242,0.08326295018196106,0.4408615231513977,0.0001410378172295168,1
347,-0.12423678487539291,0.024574970826506615,0.45471757650375366,0.0005950576160103083,1
348,-0.1227259486913681,0.028257455676794052,0.4532245695590973,0.00040666901622898877,1
349,-0.12175820022821426,0.033254582434892654,0.4518532454967499,0.00017306592781096697,1
350,-0.13084229826927185,0.033747848123311996,0.4569174349308014,0.0005950576160103083,1
351,-0.12983359396457672,0.036206427961587906,0.45592063665390015,0.00040666901622898877,1
352,-0.12918749451637268,0.03954271599650383,0.45500507950782776,0.00017306592781096697,1
353,-0.13852110505104065,0.04198375344276428,0.4589797854423523,0.0005948655307292938,1
354,-0.1375724822282791,0.04307736083865166,0.458234041929245,0.0005950576160103083,1
355,-0.13687469065189362,0.04477814957499504,0.4575444757938385,0.00040666901622898877,1
356,-0.13642773032188416,0.047086119651794434,0.4569111168384552,0.00017306592781096697,1
357,-0.145059734582901,0.05168401449918747,0.4595257639884949,0.0005702154594473541,1
358,-0.14435988664627075,0.05249081552028656,0.45897558331489563,0.0005950576160103083,1
359,-0.1438450962305069,0.053745564073324203,0.45846688747406006,0.00040666901622898877,1
360,-0.14351534843444824,0.0554482601583004,0.4579996168613434,0.00017306592781096697,1
361,-0.1511961668729782,0.06193062290549278,0.4593390226364136,0.0005950576160103083,1
362,-0.15079008042812347,0.06292042136192322,0.45893773436546326,0.00040666901622898877,1
363,-0.15052996575832367,0.06426358222961426,0.45856913924217224,0.00017306592781096697,1
364,-0.1262907087802887,0.02220713160932064,0.456332266330719,0.0007043823134154081,1
365,-0.1290804147720337,0.02111450396478176,0.45819130539894104,0.0005950576160103083,1
366,-0.13271832466125488,0.021118540316820145,0.4603908360004425,0.00040666901622898877,1
367,-0.13720443844795227,0.02221924066543579,0.462930828332901,0.00017306592781096697,1
368,-0.13221357762813568,0.0321669839322567,0.4579954743385315,0.0006367440801113844,1
369,-0.1340761035680771,0.031437501311302185,0.45923662185668945,0.0005950576160103083,1
370,-0.1365049183368683,0.03144019469618797,0.46070513129234314,0.00040666901622898877,1
371,-0.13950003683567047,0.03217506781220436,0.4624009430408478,0.00017306592781096697,1
372,-0.13980956375598907,0.041479114443063736,0.4598384201526642,0.0005950576160103083,1
373,-0.14148975908756256,0.04148097708821297,0.46085429191589355,0.00040666901622898877,1
374,-0.1435617208480835,0.041989345103502274,0.4620274007320404,0.00017306592781096697,1
375,-0.14601027965545654,0.05131171643733978,0.46015921235084534,0.0005950576160103083,1
376,-0.14724984765052795,0.051313091069459915,0.4609086513519287,0.00040666901622898877,1
377,-0.14877842366695404,0.05168813467025757,0.46177414059638977,0.00017306592781096697,1
378,-0.15174823999404907,0.061294179409742355,0.4597730338573456,0.0005555732641369104,1
379,-0.15249808132648468,0.06100049614906311,0.46027272939682007,0.0005950576160103083,1
380,-0.15347589552402496,0.06100158020853996,0.4608639180660248,0.00040666901622898877,1
381,-0.15468169748783112,0.06129743531346321,0.4615466296672821,0.00017306592781096697,1
382,-0.11935186386108398,0.002914449665695429,0.4467884302139282,0.001830953755415976,1
383,-0.121249258518219,0.012111550197005272,0.45330479741096497,0.0010719920974224806,1
384,-0.15854087471961975,0.07083450257778168,0.45980554819107056,0.00013234456127975136,1
385,-0.010403404012322426,0.08410468697547913,0.3587246835231781,0.0007373283733613789,1
386,-0.010680589824914932,0.08634109050035477,0.3634858727455139,0.0005038984236307442,1
387,-0.012289416044950485,0.08947894722223282,0.36898404359817505,0.00021444380399771035,1
388,-0.023317422717809677,0.09009729325771332,0.35870909690856934,0.0007889815606176853,1
389,-0.022613422945141792,0.09098855406045914,0.36139577627182007,0.0007373283733613789,1
390,-0.022798482328653336,0.09248166531324387,0.36457452178001404,0.0005038984236307442,1
391,-0.023872600868344307,0.0945766270160675,0.36824533343315125,0.00021444380399771035,1
392,-0.03477255254983902,0.09823305904865265,0.3623311221599579,0.0007370903622359037,1
393,-0.0342855378985405,0.09884960204362869,0.3641897141933441,0.0007373283733613789,1
394,-0.03441355749964714,0.09988250583410263,0.3663887083530426,0.0005038984236307442,1
395,-0.03515661135315895,0.10133175551891327,0.36892810463905334,0.00021444380399771035,1
396,-0.04557996243238449,0.10732214152812958,0.36706703901290894,0.0007373283733613789,1
397,-0.045674409717321396,0.10808415710926056,0.36868932843208313,0.0005038984236307442,1
398,-0.046222589910030365,0.10915333777666092,0.37056276202201843,0.00021444380399771035,1
399,-0.056613896042108536,0.11618966609239578,0.36996352672576904,0.0007373283733613789,1
400,-0.056688401848077774,0.1167907789349556,0.37124326825141907,0.0005038984236307442,1
401,-0.057120829820632935,0.11763419210910797,0.3727211058139801,0.00021444380399771035,1
402,-0.011457860469818115,0.08276975154876709,0.35470050573349,0.0008727912791073322,1
403,-0.014041997492313385,0.08232913911342621,0.35120537877082825,0.0007373283733613789,1
404,-0.01818697713315487,0.08267813920974731,0.3479735851287842,0.0005038984236307442,1
405,-0.023892801254987717,0.0838167667388916,0.3450051248073578,0.00021444380399771035,1
406,-0.025042695924639702,0.08980312198400497,0.3563755750656128,0.0007373283733613789,1
407,-0.027810055762529373,0.09003613144159317,0.35421788692474365,0.0005038984236307442,1
408,-0.03161949664354324,0.0907963216304779,0.3522360324859619,0.00021444380399771035,1
409,-0.03596605733036995,0.09802954643964767,0.360716849565506,0.0007373283733613789,1
410,-0.03788045421242714,0.09819073975086212,0.35922423005104065,0.0005038984236307442,1
411,-0.04051574319601059,0.0987166240811348,0.3578532338142395,0.00021444380399771035,1
412,-0.04681975767016411,0.10671715438365936,0.36450496315956116,0.0007373283733613789,1
413,-0.04823209345340729,0.10683606564998627,0.3634037673473358,0.0005038984236307442,1
414,-0.050176266580820084,0.10722403973340988,0.3623923063278198,0.00021444380399771035,1
415,-0.05759190022945404,0.11571241915225983,0.3679424226284027,0.0007373283733613789,1
416,-0.05870601162314415,0.1158062294125557,0.36707377433776855,0.0005038984236307442,1
417,-0.06023965775966644,0.11611227691173553,0.3662759065628052,0.00021444380399771035,1
418,0.013773860409855843,0.07739311456680298,0.34376049041748047,0.002068945439532399,1
419,0.0010427311062812805,0.07721336930990219,0.349963515996933,0.0013282918371260166,1
420,-0.04593925178050995,0.10686728358268738,0.36569589376449585,0.0007065468234941363,1
421,-0.056897323578596115,0.11583085358142853,0.36888188123703003,0.000688403844833374,1
422,-0.06769963353872299,0.12502630054950714,0.37193775177001953,0.0001639864785829559,1
423,-0.006384957116097212,0.09793258458375931,0.3941292464733124,0.0007911100401543081,1
424,-0.006626561284065247,0.10029611736536026,0.3992574214935303,0.0005406534764915705,1
425,-0.008268628269433975,0.10366501659154892,0.40517938137054443,0.00023008562857285142,1
426,-0.019255410879850388,0.10570714622735977,0.39701032638549805,0.0007911100401543081,1
427,-0.01941671594977379,0.10728513449430466,0.40043410658836365,0.0005406534764915705,1
428,-0.020513027906417847,0.109534353017807,0.40438786149024963,0.00023008562857285142,1
429,-0.0315161794424057,0.11451007425785065,0.4000345468521118,0.0007911100401543081,1
430,-0.03162776678800583,0.11560168862342834,0.4024030268192291,0.0005406534764915705,1
431,-0.0323861725628376,0.11715764552354813,0.40513816475868225,0.00023008562857285142,1
432,-0.043351415544748306,0.12395504862070084,0.40315553545951843,0.0007911100401543081,1
433,-0.04343373700976372,0.12476038187742233,0.4049028754234314,0.0005406534764915705,1
434,-0.04399324581027031,0.1259082853794098,0.4069207012653351,0.00023008562857285142,1
435,-0.05520537495613098,0.1334494650363922,0.4051368832588196,0.0007386169745586812,1
436,-0.05489388853311539,0.1338144987821579,0.4063018560409546,0.0007911100401543081,1
437,-0.054958831518888474,0.1344497799873352,0.4076802432537079,0.0005406534764915705,1
438,-0.055400196462869644,0.13535529375076294,0.4092719852924347,0.00023008562857285142,1
439,-0.010314850136637688,0.09622269123792648,0.386030375957489,0.0007911100401543081,1
440,-0.014733899384737015,0.09676861763000488,0.3825494945049286,0.0005406534764915705,1
441,-0.020800963044166565,0.09821221232414246,0.37935224175453186,0.00023008562857285142,1
442,-0.020029112696647644,0.10480038821697235,0.3941165804862976,0.0008465309510938823,1
443,-0.02187916822731495,0.10456555336713791,0.3916032016277313,0.0007911100401543081,1
444,-0.024829506874084473,0.10493003576993942,0.38927921652793884,0.0005406534764915705,1
445,-0.028880126774311066,0.10589383542537689,0.3871445953845978,0.00023008562857285142,1
446,-0.032051414251327515,0.11388280242681503,0.3980327248573303,0.0007908547413535416,1
447,-0.033331237733364105,0.11372034251689911,0.3962939977645874,0.0007911100401543081,1
448,-0.03537221625447273,0.1139724850654602,0.39468634128570557,0.0005406534764915705,1
449,-0.0381743460893631,0.11463921517133713,0.39320966601371765,0.00023008562857285142,1
450,-0.044690463691949844,0.12337242811918259,0.4003959894180298,0.0007911100401543081,1
451,-0.046196188777685165,0.12355844676494598,0.3992099165916443,0.0005406534764915705,1
452,-0.04826344549655914,0.1240503266453743,0.3981204926967621,0.00023008562857285142,1
453,-0.055950190871953964,0.13335490226745605,0.40412500500679016,0.0007911100401543081,1
454,-0.05713796988129616,0.13350164890289307,0.40318939089775085,0.0005406534764915705,1
455,-0.05876871198415756,0.13388966023921967,0.4023300111293793,0.00023008562857285142,1
456,0.005692562088370323,0.09023263305425644,0.38471102714538574,0.001425179187208414,1
457,-0.007543815299868584,0.09657444059848785,0.3897949159145355,0.0009364538709633052,1
458,-0.04374627768993378,0.1234922856092453,0.4016786813735962,0.0007580833043903112,1
459,-0.06648895144462585,0.14365117251873016,0.40845823287963867,0.00017594786186236888,1
460,0.010301191359758377,-0.0040231384336948395,0.160782590508461,0.000277005136013031,1
461,0.010749698616564274,-0.004840408451855183,0.16252820193767548,0.0001893083972390741,1
462,0.011794662103056908,-0.005771113559603691,0.1645440310239792,8.056387741817161e-05,1
463,0.01555092353373766,-0.0045076352544128895,0.1617536097764969,0.000277005136013031,1
464,0.015850365161895752,-0.005053278524428606,0.1629190593957901,0.0001893083972390741,1
465,0.016548026353120804,-0.005674655083566904,0.16426490247249603,8.056387741817161e-05,1
466,0.02083907648921013,-0.005086962133646011,0.16206622123718262,0.00027691569994203746,1
467,0.020770743489265442,-0.005412035156041384,0.16274765133857727,0.000277005136013031,1
468,0.020977890118956566,-0.005789498798549175,0.1635538786649704,0.0001893083972390741,1
469,0.0214605163782835,-0.006219353526830673,0.164484903216362,8.056387741817161e-05,1
470,0.025957822799682617,-0.006585775408893824,0.16375820338726044,0.000277005136013031,1
471,0.02611064352095127,-0.006864247377961874,0.16435299813747406,0.0001893083972390741,1
472,0.026466699317097664,-0.007181370630860329,0.16503985226154327,8.056387741817161e-05,1
473,0.03115786425769329,-0.0077461907640099525,0.16436973214149475,0.0002586247865110636,1
474,0.03111809678375721,-0.00793537124991417,0.16476629674434662,0.000277005136013031,1
475,0.031238650903105736,-0.008155042305588722,0.1652355045080185,0.0001893083972390741,1
476,0.03151952102780342,-0.008405202999711037,0.165777325630188,8.056387741817161e-05,1
477,0.010449140332639217,-0.0033193030394613743,0.15930718183517456,0.00032789685064926744,1
478,0.01125989481806755,-0.0026910712476819754,0.15802574157714844,0.000277005136013031,1
479,0.012727496214210987,-0.0020923647098243237,0.15684084594249725,0.0001893083972390741,1
480,0.014851944521069527,-0.0015231829602271318,0.1557525098323822,8.056387741817161e-05,1
481,0.0156497023999691,-0.004037726204842329,0.1607685685157776,0.0002964105806313455,1
482,0.016190992668271065,-0.0036182929761707783,0.15991301834583282,0.000277005136013031,1
483,0.017170824110507965,-0.0032185721211135387,0.15912194550037384,0.0001893083972390741,1
484,0.018589193001389503,-0.002838563174009323,0.15839532017707825,8.056387741817161e-05,1
485,0.021213529631495476,-0.004796807654201984,0.16147437691688538,0.000277005136013031,1
486,0.021891353651881218,-0.00452028913423419,0.16092711687088013,0.0001893083972390741,1
487,0.022872550413012505,-0.004257407505065203,0.16042447090148926,8.056387741817161e-05,1
488,0.026284486055374146,-0.006131893955171108,0.16281884908676147,0.000277005136013031,1
489,0.02678454853594303,-0.005927893798798323,0.16241511702537537,0.0001893083972390741,1
490,0.02750842086970806,-0.005733954254537821,0.16204428672790527,8.056387741817161e-05,1
491,0.031375784426927567,-0.007577330339699984,0.16402529180049896,0.000277005136013031,1
492,0.0317702554166317,-0.007416406646370888,0.16370682418346405,0.0001893083972390741,1
493,0.03234127536416054,-0.007263418287038803,0.16341428458690643,8.056387741817161e-05,1
494,0.000988550717011094,-0.005220377817749977,0.15509866178035736,0.000935823773033917,1
495,0.005307815037667751,-0.003289805492386222,0.15753352642059326,0.0004990227753296494,1
496,0.026008233428001404,-0.0063459547236561775,0.1632554978132248,0.00026544087450020015,1
497,0.036290720105171204,-0.009247170761227608,0.16542944312095642,6.160768680274487e-05,1
498,0.012817079201340675,-0.0182335302233696,0.19725529849529266,0.0004355731944087893,1
499,0.012511595152318478,-0.019261084496974945,0.19915392994880676,0.0003679693618323654,1
500,0.012975912541151047,-0.020545195788145065,0.2014002948999405,0.0002514743828214705,1
501,0.014210029505193233,-0.02208586223423481,0.20399437844753265,0.00010701982682803646,1
502,0.01957358419895172,-0.02004045620560646,0.19912324845790863,0.00039374729385599494,1
503,0.01936963200569153,-0.02072649449110031,0.20039086043834686,0.0003679693618323654,1
504,0.019679628312587738,-0.02158381976187229,0.20189061760902405,0.0002514743828214705,1
505,0.0205035749822855,-0.0226124320179224,0.20362253487110138,0.00010701982682803646,1
506,0.026128293946385384,-0.022743044421076775,0.2016238570213318,0.0003679693618323654,1
507,0.026342742145061493,-0.023336121812462807,0.20266136527061462,0.0002514743828214705,1
508,0.026912730187177658,-0.024047693237662315,0.20385946333408356,0.00010701982682803646,1
509,0.03290940076112747,-0.024761205539107323,0.20220980048179626,0.0003526076325215399,1
510,0.03280530869960785,-0.025111328810453415,0.20285671949386597,0.0003679693618323654,1
511,0.03296351805329323,-0.025548871606588364,0.20362213253974915,0.0002514743828214705,1
512,0.03338402509689331,-0.02607382833957672,0.2045060247182846,0.00010701982682803646,1
513,0.039421938359737396,-0.027707409113645554,0.20407187938690186,0.0003679693618323654,1
514,0.03954673931002617,-0.02805256098508835,0.20467567443847656,0.0002514743828214705,1
515,0.03987845405936241,-0.028466669842600822,0.20537292957305908,0.00010701982682803646,1
516,0.013985886238515377,-0.017415856942534447,0.1956062614917755,0.0003679693618323654,1
517,0.016017362475395203,-0.01673850603401661,0.19408148527145386,0.0002514743828214705,1
518,0.018911506980657578,-0.016201475635170937,0.1926809400320053,0.00010701982682803646,1
519,0.020353928208351135,-0.019494546577334404,0.1980222910642624,0.0003679693618323654,1
520,0.021710224449634552,-0.01904231868684292,0.1970042735338211,0.0002514743828214705,1
521,0.02364247478544712,-0.018683774396777153,0.19606922566890717,0.00010701982682803646,1
522,0.02626938372850418,-0.02226845733821392,0.20074695348739624,0.0003678506182041019,1
523,0.0268092080950737,-0.021890807896852493,0.1999853253364563,0.0003679693618323654,1
524,0.027747465297579765,-0.021577967330813408,0.19928109645843506,0.0002514743828214705,1
525,0.02908415161073208,-0.021329935640096664,0.19863425195217133,0.00010701982682803646,1
526,0.033307649195194244,-0.024482596665620804,0.20164790749549866,0.0003679693618323654,1
527,0.03399984538555145,-0.024251800030469894,0.20112836360931396,0.0002514743828214705,1
528,0.0349859781563282,-0.024068815633654594,0.2006511390209198,0.00010701982682803646,1
529,0.03981820493936539,-0.02721143700182438,0.20311832427978516,0.0003679693618323654,1
530,0.04036423936486244,-0.02702937461435795,0.20270848274230957,0.0002514743828214705,1
531,0.041142143309116364,-0.026885028928518295,0.2023320347070694,0.00010701982682803646,1
532,8.036191866267473e-05,-0.019048292189836502,0.19153857231140137,0.0011018217774108052,1
533,0.006042967550456524,-0.017317600548267365,0.19491660594940186,0.000662894279230386,1
534,0.039504047483205795,-0.027431217953562737,0.20356157422065735,0.0003435532271396369,1
535,0.04606258496642113,-0.03022717870771885,0.20483282208442688,8.18387052277103e-05,1
536,-0.04544757306575775,0.02059623785316944,0.4504735469818115,0.0006204742239788175,1
537,-0.04657028988003731,0.02208799123764038,0.454493910074234,0.0004240390262566507,1
538,-0.04904106631875038,0.023685969412326813,0.45913660526275635,0.0001804580824682489,1
539,-0.05739142745733261,0.019660938531160355,0.4504632353782654,0.0006639412604272366,1
540,-0.05724097415804863,0.02058597467839718,0.4527319073677063,0.0006204742239788175,1
541,-0.05799054354429245,0.02158193103969097,0.4554160535335541,0.0004240390262566507,1
542,-0.05964013561606407,0.022648807615041733,0.4585157334804535,0.0001804580824682489,1
543,-0.0690431147813797,0.02151343785226345,0.45510154962539673,0.0006204742239788175,1
544,-0.06956165283918381,0.022202419117093086,0.4569583833217621,0.0004240390262566507,1
545,-0.07070280611515045,0.022940460592508316,0.45910266041755676,0.0001804580824682489,1
546,-0.08089738339185715,0.022572506219148636,0.45638859272003174,0.0005945710581727326,1
547,-0.08082059770822525,0.023044602945446968,0.4575464129447937,0.0006204742239788175,1
548,-0.0812031477689743,0.023552894592285156,0.4589163064956665,0.0004240390262566507,1
549,-0.08204502612352371,0.0240973811596632,0.46049821376800537,0.0001804580824682489,1
550,-0.09257005900144577,0.02497279830276966,0.4600107967853546,0.0006204742239788175,1
551,-0.09287182986736298,0.025373760610818863,0.46109139919281006,0.0004240390262566507,1
552,-0.09353594481945038,0.025803275406360626,0.46233931183815,0.0001804580824682489,1
553,-0.045672930777072906,0.019210707396268845,0.4470755457878113,0.0007344685727730393,1
554,-0.04738878831267357,0.01784590817987919,0.4441241919994354,0.0006204742239788175,1
555,-0.05057499185204506,0.016414081677794456,0.44139525294303894,0.0004240390262566507,1
556,-0.055231548845767975,0.014915232546627522,0.43888866901397705,0.0001804580824682489,1
557,-0.05853700637817383,0.018749741837382317,0.4484928250312805,0.0006204742239788175,1
558,-0.06066424772143364,0.017793796956539154,0.44667086005210876,0.0004240390262566507,1
559,-0.06377315521240234,0.016793103888630867,0.4449973702430725,0.0001804580824682489,1
560,-0.06993968784809113,0.020243173465132713,0.4521690309047699,0.0006204742239788175,1
561,-0.07141126692295074,0.01958187110722065,0.4509086608886719,0.0004240390262566507,1
562,-0.07356193661689758,0.018889613449573517,0.44975095987319946,0.0001804580824682489,1
563,-0.08148203790187836,0.022107470780611038,0.45538297295570374,0.0006204742239788175,1
564,-0.08256768435239792,0.02161959744989872,0.45445314049720764,0.0004240390262566507,1
565,-0.08415433764457703,0.02110888808965683,0.45359906554222107,0.0001804580824682489,1
566,-0.09309183061122894,0.02423354797065258,0.45830416679382324,0.0006204742239788175,1
567,-0.09394823759794235,0.023848693817853928,0.4575706720352173,0.0004240390262566507,1
568,-0.09519985318183899,0.023445822298526764,0.45689693093299866,0.0001804580824682489,1
569,-0.03421589732170105,0.020329048857092857,0.44308826327323914,0.0011177799897268414,1
570,-0.06914719939231873,0.020873520523309708,0.4535321593284607,0.0006202739896252751,1
571,-0.09263063967227936,0.02460038661956787,0.4590974748134613,0.0005793034215457737,1
572,-0.10434545576572418,0.026863517239689827,0.4616987407207489,0.00013799738371744752,1
573,-0.04924014210700989,0.03679022565484047,0.48764434456825256,0.0006543594063259661,1
574,-0.0509774386882782,0.03901982307434082,0.4913678467273712,0.0004471965366974473,1
575,-0.05417485162615776,0.04123123362660408,0.4956677556037903,0.00019031320698559284,1
576,-0.06160392984747887,0.03492861986160278,0.48965275287628174,0.0006543594063259661,1
577,-0.06276381760835648,0.03641718626022339,0.49213874340057373,0.0004471965366974473,1
578,-0.0648985430598259,0.037893615663051605,0.49500954151153564,0.00019031320698559284,1
579,-0.07403576374053955,0.03299818933010101,0.4900902211666107,0.0006541481707245111,1
580,-0.0741637796163559,0.034036342054605484,0.4915437400341034,0.0006543594063259661,1
581,-0.07496616244316101,0.03506609797477722,0.49326348304748535,0.0004471965366974473,1
582,-0.07644291967153549,0.036087460815906525,0.4952494204044342,0.00019031320698559284,1
583,-0.08681878447532654,0.03377510979771614,0.49336352944374084,0.0006543594063259661,1
584,-0.08741074055433273,0.03453481197357178,0.4946322441101074,0.0004471965366974473,1
585,-0.08850020915269852,0.03528831526637077,0.4960973858833313,0.00019031320698559284,1
586,-0.09952195733785629,0.03392414748668671,0.4951060712337494,0.0006543594063259661,1
587,-0.0999889224767685,0.034523431211709976,0.496106892824173,0.0004471965366974473,1
588,-0.10084833949804306,0.035117827355861664,0.4972626566886902,0.00019031320698559284,1
589,-0.05026426166296005,0.032119862735271454,0.4817637801170349,0.0006543594063259661,1
590,-0.05309019237756729,0.029384899884462357,0.47923633456230164,0.0004471965366974473,1
591,-0.05744075030088425,0.026337558403611183,0.47691482305526733,0.00019031320698559284,1
592,-0.06228767707943916,0.031810492277145386,0.48572665452957153,0.0006543594063259661,1
593,-0.06417438387870789,0.029984518885612488,0.4840392470359802,0.0004471965366974473,1
594,-0.06707899272441864,0.027949988842010498,0.48248931765556335,0.00019031320698559284,1
595,-0.0746367797255516,0.03187929093837738,0.48882773518562317,0.0006543594063259661,1
596,-0.07594195753335953,0.030616123229265213,0.48766040802001953,0.0004471965366974473,1
597,-0.07795130461454391,0.029208678752183914,0.4865882098674774,0.00019031320698559284,1
598,-0.08716773986816406,0.032183755189180374,0.4913598299026489,0.0006543594063259661,1
599,-0.08813063055276871,0.03125185891985893,0.4904986321926117,0.0004471965366974473,1
600,-0.08961301296949387,0.030213525518774986,0.4897076189517975,0.00019031320698559284,1
601,-0.09979722648859024,0.0326688177883625,0.4935254752635956,0.0006543594063259661,1
602,-0.10055679827928543,0.03193369880318642,0.49284613132476807,0.0004471965366974473,1
603,-0.10172616690397263,0.031114615499973297,0.4922221302986145,0.00019031320698559284,1
604,-0.02811630442738533,0.043156832456588745,0.47402510046958923,0.0018005679594352841,1
605,-0.03703354299068451,0.0370420478284359,0.48043444752693176,0.0011788239935413003,1
606,-0.04896296560764313,0.03454245626926422,0.48449718952178955,0.0007745791808702052,1
607,-0.06141887605190277,0.03342791646718979,0.48755162954330444,0.0007002002093940973,1
608,-0.08672434091567993,0.03300921618938446,0.4922911822795868,0.0006270416197367013,1
609,-0.09944745898246765,0.033319976180791855,0.49426016211509705,0.0006109402165748179,1
610,-0.11218862980604172,0.033845946192741394,0.4960613548755646,0.0001455336605431512,1
611,-0.08939239382743835,-0.01137977372854948,0.43522948026657104,0.0006341448170132935,1
612,-0.09215208888053894,-0.013105982914566994,0.43838047981262207,0.00043338164687156677,1
613,-0.09503671526908875,-0.01626783236861229,0.4420192241668701,0.0001844340149546042,1
614,-0.08662500232458115,-0.023306477814912796,0.4350883662700653,0.0006785695441067219,1
615,-0.08838407695293427,-0.0235004723072052,0.4368664622306824,0.0006341448170132935,1
616,-0.09022656083106995,-0.024652959778904915,0.4389702081680298,0.00043338164687156677,1
617,-0.09215245395898819,-0.02676394023001194,0.44139957427978516,0.0001844340149546042,1
618,-0.08829274773597717,-0.03576304763555527,0.43823790550231934,0.0006341448170132935,1
619,-0.08956733345985413,-0.036560315638780594,0.43969324231147766,0.00043338164687156677,1
620,-0.09089962393045425,-0.03802064433693886,0.4413738250732422,0.0001844340149546042,1
621,-0.08879795670509338,-0.048086751252412796,0.43944305181503296,0.0006341448170132935,1
622,-0.08973827958106995,-0.04867492988705635,0.44051671028137207,0.00043338164687156677,1
623,-0.09072116762399673,-0.04975228011608124,0.44175657629966736,0.0001844340149546042,1
624,-0.089685820043087,-0.06043577194213867,0.4405110776424408,0.0006341448170132935,1
625,-0.09042758494615555,-0.060899753123521805,0.4413580000400543,0.00043338164687156677,1
626,-0.09120292961597443,-0.06174961477518082,0.4423360526561737,0.0001844340149546042,1
627,-0.08675762265920639,-0.011089205741882324,0.43256625533103943,0.0007506507681682706,1
628,-0.08407794684171677,-0.012349405325949192,0.4302530884742737,0.0006341448170132935,1
629,-0.08118842542171478,-0.015106325037777424,0.42811426520347595,0.00043338164687156677,1
630,-0.07808906584978104,-0.01935996487736702,0.42614972591400146,0.0001844340149546042,1
631,-0.08483593165874481,-0.024147838354110718,0.4335440397262573,0.0006341448170132935,1
632,-0.08290677517652512,-0.025988470762968063,0.4321160614490509,0.00043338164687156677,1
633,-0.08083751797676086,-0.028828375041484833,0.43080443143844604,0.0001844340149546042,1
634,-0.08583822101354599,-0.036210883408784866,0.4359395503997803,0.0006341448170132935,1
635,-0.0845036655664444,-0.03748419135808945,0.43495169281959534,0.00043338164687156677,1
636,-0.08307220041751862,-0.039448775351047516,0.43404436111450195,0.0001844340149546042,1
637,-0.08790020644664764,-0.047987744212150574,0.4385356307029724,0.000607670983299613,1
638,-0.08698713779449463,-0.04841713607311249,0.43774744868278503,0.0006341448170132935,1
639,-0.08600258082151413,-0.04935651645064354,0.43701866269111633,0.00043338164687156677,1
640,-0.08494652062654495,-0.05080587789416313,0.4363492727279663,0.0001844340149546042,1
641,-0.0889776274561882,-0.06035767123103142,0.43979525566101074,0.0005920669063925743,1
642,-0.08825736492872238,-0.060696396976709366,0.43917348980903625,0.0006341448170132935,1
643,-0.08748070895671844,-0.061437416821718216,0.4385986030101776,0.00043338164687156677,1
644,-0.0866476446390152,-0.06258073449134827,0.4380705654621124,0.0001844340149546042,1
645,-0.08808328211307526,0.0007198192179203033,0.42884954810142517,0.0011424074182286859,1
646,-0.0870758518576622,-0.035628847777843475,0.437007874250412,0.0006339401588775218,1
647,-0.09023632854223251,-0.07272892445325851,0.4408615231513977,0.00014103780267760158,1
648,-0.11897999793291092,-0.017719227820634842,0.45819130539894104,0.0005950576160103083,1
649,-0.12215492874383926,-0.019495243206620216,0.4603908360004425,0.00040666901622898877,1
650,-0.125536248087883,-0.022642217576503754,0.462930828332901,0.00017306592781096697,1
651,-0.11831295490264893,-0.02916807308793068,0.45923662185668945,0.0005950576160103083,1
652,-0.12043266743421555,-0.030353814363479614,0.46070513129234314,0.00040666901622898877,1
653,-0.12269017100334167,-0.03245486319065094,0.4624009430408478,0.00017306592781096697,1
654,-0.1170562356710434,-0.0405435785651207,0.4589797854423523,0.0005948655307292938,1
655,-0.11842728406190872,-0.040730658918619156,0.4598384201526642,0.0005950576160103083,1
656,-0.11989365518093109,-0.041550930589437485,0.46085429191589355,0.00040666901622898877,1
657,-0.1214553490281105,-0.04300438612699509,0.4620274007320404,0.00017306592781096697,1
658,-0.11905151605606079,-0.05233839154243469,0.46015921235084534,0.0005950576160103083,1
659,-0.12013332545757294,-0.05294354259967804,0.4609086513519287,0.00040666901622898877,1
660,-0.12128546088933945,-0.05401582270860672,0.46177414059638977,0.00017306592781096697,1
661,-0.11919860541820526,-0.06385152041912079,0.4597730338573456,0.0005555732641369104,1
662,-0.11999650299549103,-0.06396039575338364,0.46027272939682007,0.0005950576160103083,1
663,-0.12084987759590149,-0.06443776190280914,0.4608639180660248,0.00040666901622898877,1
664,-0.12175872921943665,-0.0652836263179779,0.4615466296672821,0.00017306592781096697,1
665,-0.11306413263082504,-0.018381211906671524,0.45471757650375366,0.0005950576160103083,1
666,-0.10995054990053177,-0.020860910415649414,0.4532245695590973,0.00040666901622898877,1
667,-0.10667070746421814,-0.02475326880812645,0.4518532454967499,0.00017306592781096697,1
668,-0.11633103340864182,-0.028897641226649284,0.4579954743385315,0.0006367440801113844,1
669,-0.11436328291893005,-0.0296100415289402,0.4569174349308014,0.0005950576160103083,1
670,-0.11228452622890472,-0.03126559033989906,0.45592063665390015,0.00040666901622898877,1
671,-0.11009476333856583,-0.03386428579688072,0.45500507950782776,0.00017306592781096697,1
672,-0.11569499224424362,-0.04103640094399452,0.458234041929245,0.0005950576160103083,1
673,-0.11425694823265076,-0.042181674391031265,0.4575444757938385,0.00040666901622898877,1
674,-0.11274212598800659,-0.04397939518094063,0.4569111168384552,0.00017306592781096697,1
675,-0.11703577637672424,-0.052563950419425964,0.45897558331489563,0.0005950576160103083,1
676,-0.11597487330436707,-0.053408872336149216,0.45846688747406006,0.00040666901622898877,1
677,-0.11485731601715088,-0.054735131561756134,0.4579996168613434,0.00017306592781096697,1
678,-0.11840640008449554,-0.06413832306861877,0.4593390226364136,0.0005950576160103083,1
679,-0.11756951361894608,-0.06480483710765839,0.45893773436546326,0.00040666901622898877,1
680,-0.11668793857097626,-0.06585104763507843,0.45856913924217224,0.00017306592781096697,1
681,-0.1165277287364006,-0.006041611544787884,0.45330479741096497,0.0010719920974224806,1
682,-0.11601146310567856,-0.01731416955590248,0.456332266330719,0.0007043823134154081,1
683,-0.1180400401353836,-0.05220037326216698,0.4595257639884949,0.0005702154594473541,1
684,-0.12048212438821793,-0.07549239695072174,0.45980551838874817,0.00013234456127975136,1
685,0.05779267102479935,-0.027853231877088547,0.5288869142532349,0.0007372229010798037,1
686,0.05840987339615822,-0.03301563858985901,0.5297259092330933,0.0005038263625465333,1
687,0.06045909225940704,-0.039058905094861984,0.5311136841773987,0.00021441312856040895,1
688,0.07099247723817825,-0.028674505650997162,0.5333665609359741,0.0007888562977313995,1
689,0.07044847309589386,-0.03153303265571594,0.5335603356361389,0.0007372229010798037,1
690,0.07086054980754852,-0.03497965633869171,0.5341204404830933,0.0005038263625465333,1
691,0.07222868502140045,-0.03901438042521477,0.5350469946861267,0.00021441312856040895,1
692,0.08356176316738129,-0.033853255212306976,0.5375245809555054,0.0007369911763817072,1
693,0.08318538963794708,-0.03583097085356712,0.5376585721969604,0.0007372229010798037,1
694,0.08347048610448837,-0.038215573877096176,0.53804612159729,0.0005038263625465333,1
695,0.08441705256700516,-0.041007064282894135,0.5386871695518494,0.00021441312856040895,1
696,0.09646549075841904,-0.0391697883605957,0.5401710867881775,0.0007064459496177733,1
697,0.09618782997131348,-0.040628764778375626,0.5402699112892151,0.0007372229010798037,1
698,0.09639814496040344,-0.04238790273666382,0.5405558347702026,0.0005038263625465333,1
699,0.09709643572568893,-0.04444720596075058,0.5410286784172058,0.00021441312856040895,1
700,0.10936663299798965,-0.04572640731930733,0.5405159592628479,0.0007372229010798037,1
701,0.10953254252672195,-0.04711407795548439,0.5407414436340332,0.0005038263625465333,1
702,0.11008337885141373,-0.04873853176832199,0.5411145091056824,0.00021441312856040895,1
703,0.06104528158903122,-0.019958846271038055,0.5288869142532349,0.0007372229010798037,1
704,0.06511998176574707,-0.016729582101106644,0.5297259092330933,0.0005038263625465333,1
705,0.07083159685134888,-0.013883896172046661,0.5311136841773987,0.00021441312856040895,1
706,0.07262004911899567,-0.026262428611516953,0.5335603356361389,0.0007372229010798037,1
707,0.07534047961235046,-0.02410644292831421,0.5341204404830933,0.0005038263625465333,1
708,0.07915377616882324,-0.02220655232667923,0.5350469946861267,0.00021441312856040895,1
709,0.08468782156705856,-0.0321844220161438,0.5376585721969604,0.0007372229010798037,1
710,0.08657000213861465,-0.030692769214510918,0.53804612159729,0.0005038263625465333,1
711,0.08920828998088837,-0.029378298670053482,0.5386871695518494,0.00021441312856040895,1
712,0.09729618579149246,-0.0379386767745018,0.5402699112892151,0.0007372229010798037,1
713,0.09868468344211578,-0.03683827444911003,0.5405558347702026,0.0005038263625465333,1
714,0.10063096880912781,-0.035868577659130096,0.5410286784172058,0.00021441312856040895,1
715,0.10958566516637802,-0.044575512409210205,0.5404379367828369,0.000688305008225143,1
716,0.11024094372987747,-0.04360436648130417,0.5405159592628479,0.0007372229010798037,1
717,0.11133623868227005,-0.04273632913827896,0.5407414436340332,0.0005038263625465333,1
718,0.11287154257297516,-0.04197140038013458,0.5411145091056824,0.00021441312856040895,1
719,0.04624472185969353,-0.018478035926818848,0.5237589478492737,0.001327936421148479,1
720,0.05860748142004013,-0.023571690544486046,0.5285967588424683,0.0008726484957151115,1
721,0.12253794074058533,-0.04991205781698227,0.5381079316139221,0.00016396302089560777,1
722,0.03281887620687485,0.10601519793272018,0.43054401874542236,0.0007928417762741446,1
723,0.03763608634471893,0.1046861782670021,0.43320977687835693,0.0005418368964456022,1
724,0.04303707554936409,0.10384336858987808,0.4376191794872284,0.0002305892703589052,1
725,0.031102560460567474,0.11259740591049194,0.44393190741539,0.0008483706042170525,1
726,0.03392896056175232,0.11138548702001572,0.44454753398895264,0.0007928417762741446,1
727,0.03714511916041374,0.11049818247556686,0.4463272988796234,0.0005418368964456022,1
728,0.040751032531261444,0.10993549227714539,0.44927117228507996,0.0002305892703589052,1
729,0.0358743853867054,0.11709258705377579,0.4584062993526459,0.0007928417762741446,1
730,0.038099534809589386,0.11647868901491165,0.45963767170906067,0.0005418368964456022,1
731,0.04059434309601784,0.11608938127756119,0.46167445182800293,0.0002305892703589052,1
732,0.037431903183460236,0.1245841234922409,0.47127565741539,0.000759742921218276,1
733,0.03887448459863663,0.12396556884050369,0.4715898633003235,0.0007928417762741446,1
734,0.04051599279046059,0.12351269274950027,0.4724982678890228,0.0005418368964456022,1
735,0.04235643148422241,0.12322549521923065,0.47400081157684326,0.0002305892703589052,1
736,0.043070968240499496,0.13262052834033966,0.483357697725296,0.0007928417762741446,1
737,0.04436584934592247,0.13226328790187836,0.48407426476478577,0.0005418368964456022,1
738,0.04581765457987785,0.1320367306470871,0.4852595329284668,0.0002305892703589052,1
739,0.02858545444905758,0.10783042758703232,0.4296219050884247,0.0009384843870066106,1
740,0.02469899132847786,0.11030273884534836,0.43054401874542236,0.0007928417762741446,1
741,0.02088482305407524,0.11353134363889694,0.43320977687835693,0.0005418368964456022,1
742,0.017142945900559425,0.11751624196767807,0.4376191794872284,0.0002305892703589052,1
743,0.028507806360721588,0.11424802243709564,0.44454753398895264,0.0007928417762741446,1
744,0.025961317121982574,0.11640356481075287,0.446327269077301,0.0005418368964456022,1
745,0.023463092744350433,0.11906404048204422,0.44927117228507996,0.0002305892703589052,1
746,0.033918894827365875,0.117931067943573,0.45798036456108093,0.0007925925892777741,1
747,0.03212367370724678,0.11907307058572769,0.4584062993526459,0.0007928417762741446,1
748,0.0303618423640728,0.12056442350149155,0.45963767170906067,0.0005418368964456022,1
749,0.02863340824842453,0.12240511178970337,0.46167445182800293,0.0002305892703589052,1
750,0.03610755503177643,0.12542659044265747,0.4715898633003235,0.0007928417762741446,1
751,0.03480783849954605,0.12652677297592163,0.4724982678890228,0.0005418368964456022,1
752,0.0335327610373497,0.1278846561908722,0.47400081157684326,0.0002305892703589052,1
753,0.04193301126360893,0.1331084668636322,0.48310983180999756,0.0007402332848869264,1
754,0.040888313204050064,0.13377302885055542,0.483357697725296,0.0007928417762741446,1
755,0.03986304998397827,0.1346409022808075,0.48407426476478577,0.0005418368964456022,1
756,0.038857221603393555,0.13571204245090485,0.4852595329284668,0.0002305892703589052,1
757,0.026102138683199883,0.10312744230031967,0.41528454422950745,0.0014281210023909807,1
758,0.04737059026956558,0.14340633153915405,0.49299076199531555,0.00017633300740271807,1
759,-0.00362857012078166,-0.056852977722883224,0.21094444394111633,0.0005582586745731533,1
760,-0.0064053842797875404,-0.05710942670702934,0.2111232578754425,0.00047162294504232705,1
761,-0.009471707046031952,-0.05840601027011871,0.21164026856422424,0.00032231240766122937,1
762,-0.012827539816498756,-0.06074272096157074,0.21249541640281677,0.0001371663238387555,1
763,-0.006439545191824436,-0.06557638198137283,0.21401111781597137,0.00047162294504232705,1
764,-0.00848674401640892,-0.06644202768802643,0.21435627341270447,0.00032231240766122937,1
765,-0.0107272295281291,-0.0680021122097969,0.21492722630500793,0.0001371663238387555,1
766,-0.005556351970881224,-0.07407934963703156,0.21644601225852966,0.00047147474833764136,1
767,-0.006839009467512369,-0.07419779896736145,0.21652860939502716,0.00047162294504232705,1
768,-0.008255396038293839,-0.07479671388864517,0.21676741540431976,0.00032231240766122937,1
769,-0.009805511683225632,-0.07587607949972153,0.21716243028640747,0.0001371663238387555,1
770,-0.007497722748667002,-0.08305919915437698,0.21809159219264984,0.00047162294504232705,1
771,-0.008542601950466633,-0.08350102603435516,0.2182677537202835,0.00032231240766122937,1
772,-0.00968613475561142,-0.08429727703332901,0.2185591608285904,0.0001371663238387555,1
773,-0.00830765999853611,-0.09206368029117584,0.21813930571079254,0.00047162294504232705,1
774,-0.0091318991035223,-0.09241221100091934,0.21827827394008636,0.00032231240766122937,1
775,-0.010033958591520786,-0.09304032474756241,0.21850815415382385,0.0001371663238387555,1
776,-0.0009771357290446758,-0.05771689489483833,0.2111232727766037,0.00047162294504232705,1
777,0.0017267270013689995,-0.059659212827682495,0.21164026856422424,0.00032231240766122937,1
778,0.0044830176047980785,-0.06267992407083511,0.21249543130397797,0.0001371663238387555,1
779,-0.004585634917020798,-0.06540516018867493,0.21389171481132507,0.0005046543665230274,1
780,-0.002815432846546173,-0.06598194688558578,0.21401111781597137,0.00047162294504232705,1
781,-0.0010102277155965567,-0.06727871298789978,0.21435628831386566,0.00032231240766122937,1
782,0.0008299802429974079,-0.06929545849561691,0.21492722630500793,0.0001371663238387555,1
783,-0.004331609699875116,-0.0744784027338028,0.21652860939502716,0.00047162294504232705,1
784,-0.0030826495494693518,-0.07537559419870377,0.21676741540431976,0.00032231240766122937,1
785,-0.0018094726838171482,-0.07677090913057327,0.21716243028640747,0.0001371663238387555,1
786,-0.006551496684551239,-0.08297181129455566,0.2180306613445282,0.0004519340582191944,1
787,-0.005647995043545961,-0.08326619863510132,0.21809159219264984,0.00047162294504232705,1
788,-0.004726627841591835,-0.08392806351184845,0.2182677537202835,0.00032231240766122937,1
789,-0.00378739507868886,-0.08495739847421646,0.2185591608285904,0.0001371663238387555,1
790,-0.007561243139207363,-0.0919947475194931,0.21809124946594238,0.0004403287312015891,1
791,-0.006848527584224939,-0.09222697466611862,0.21813930571079254,0.00047162294504232705,1
792,-0.0061217197217047215,-0.09274907410144806,0.21827827394008636,0.00032231240766122937,1
793,-0.005380819085985422,-0.09356105327606201,0.21850815415382385,0.0001371663238387555,1
794,-0.001712694764137268,-0.03973300755023956,0.20509697496891022,0.001290976069867611,1
795,-0.0026731572579592466,-0.04831555485725403,0.2079535871744156,0.0008495196234434843,1
796,-0.008555828593671322,-0.10088223218917847,0.21649210155010223,0.0001048919148161076,1
797,-0.03957124426960945,0.07880797237157822,0.5084589123725891,0.0006038382416591048,1
798,-0.0368787907063961,0.08187837898731232,0.5098482370376587,0.00041266981861554086,1
799,-0.034440554678440094,0.08604781329631805,0.5121463537216187,0.00017561968707013875,1
800,-0.04418165981769562,0.08620058000087738,0.5158942937850952,0.0006038382416591048,1
801,-0.0423840694129467,0.08825050294399261,0.5168218612670898,0.00041266981861554086,1
802,-0.04075620695948601,0.0910341814160347,0.518356204032898,0.00017561968707013875,1
803,-0.04991689324378967,0.0932355672121048,0.5227596759796143,0.0006036484846845269,1
804,-0.048555776476860046,0.09414616972208023,0.5229816436767578,0.0006038382416591048,1
805,-0.047312088310718536,0.09556443989276886,0.5236234068870544,0.00041266981861554086,1
806,-0.046185825020074844,0.09749037027359009,0.5246849656105042,0.00017561968707013875,1
807,-0.052977681159973145,0.10291669517755508,0.529061496257782,0.0006038382416591048,1
808,-0.05206020176410675,0.1039629653096199,0.5295348763465881,0.00041266981861554086,1
809,-0.05122935026884079,0.1053837388753891,0.530318021774292,0.00017561968707013875,1
810,-0.05761679634451866,0.11258694529533386,0.5334154367446899,0.0006038382416591048,1
811,-0.05689305439591408,0.1134122759103775,0.5337889194488525,0.00041266981861554086,1
812,-0.05623764544725418,0.11453303694725037,0.5344066619873047,0.00017561968707013875,1
813,-0.042517922818660736,0.07683660089969635,0.5079783201217651,0.0007147615542635322,1
814,-0.04594583809375763,0.0759318470954895,0.5084589123725891,0.0006038382416591048,1
815,-0.05002953112125397,0.07594495266675949,0.5098482370376587,0.00041266981861554086,1
816,-0.054768986999988556,0.07687591016292572,0.5121463537216187,0.00017561968707013875,1
817,-0.04614897817373276,0.08488442003726959,0.5155734419822693,0.0006461297743953764,1
818,-0.048437587916851044,0.08428036421537399,0.5158942937850952,0.0006038382416591048,1
819,-0.05116401985287666,0.08428911119699478,0.5168218612670898,0.00041266981861554086,1
820,-0.05432827025651932,0.08491066098213196,0.518356204032898,0.00017561968707013875,1
821,-0.051500312983989716,0.09281764179468155,0.5229816436767578,0.0006038382416591048,1
822,-0.0533866360783577,0.09282369166612625,0.5236234068870544,0.00041266981861554086,1
823,-0.05557587370276451,0.0932537168264389,0.5246849656105042,0.00017561968707013875,1
824,-0.05514988675713539,0.10193662345409393,0.529061496257782,0.0006038382416591048,1
825,-0.05654144287109375,0.10194109380245209,0.5295348763465881,0.00041266981861554086,1
826,-0.05815645679831505,0.10225832462310791,0.530318021774292,0.00017561968707013875,1
827,-0.05840887129306793,0.11205703020095825,0.5332862734794617,0.0005637709982693195,1
828,-0.05933030694723129,0.11181382834911346,0.5334154367446899,0.0006038382416591048,1
829,-0.06042801961302757,0.11181735247373581,0.5337889194488525,0.00041266981861554086,1
830,-0.061702001839876175,0.11206759512424469,0.5344066619873047,0.00017561968707013875,1
831,-0.03523891419172287,0.060703542083501816,0.49283671379089355,0.0016528897685930133,1
832,-0.0389026403427124,0.06882375478744507,0.5003385543823242,0.001087674987502396,1
833,-0.05398179218173027,0.10224493592977524,0.5288977026939392,0.0005786297842860222,1
834,-0.06309383362531662,0.12244069576263428,0.5356370210647583,0.00013429744285531342,1
835,-0.17419107258319855,-0.006079909857362509,0.44977980852127075,0.0008165519102476537,1
836,-0.17827963829040527,-0.0019250568002462387,0.44956475496292114,0.0005580407450906932,1
837,-0.18431349098682404,0.0020478591322898865,0.4492090344429016,0.00023748511739540845,1
838,-0.18873336911201477,-0.011356409639120102,0.4490179121494293,0.0008165519102476537,1
839,-0.19146305322647095,-0.0085824653506279,0.4488743245601654,0.0005580407450906932,1
840,-0.1954914927482605,-0.005929990671575069,0.44863682985305786,0.00023748511739540845,1
841,-0.20349380373954773,-0.016070306301116943,0.44753581285476685,0.0008165519102476537,1
842,-0.20538237690925598,-0.01415110845118761,0.44743648171424866,0.0005580407450906932,1
843,-0.20816951990127563,-0.01231595128774643,0.4472721815109253,0.00023748511739540845,1
844,-0.21817415952682495,-0.020351767539978027,0.4443473219871521,0.0008165519102476537,1
845,-0.21956737339496613,-0.01893595978617668,0.44427406787872314,0.0005580407450906932,1
846,-0.2216234654188156,-0.017582152038812637,0.44415283203125,0.00023748511739540845,1
847,-0.23221564292907715,-0.02423272840678692,0.438620388507843,0.0008165519102476537,1
848,-0.2333146631717682,-0.023115888237953186,0.4385625720024109,0.0005580407450906932,1
849,-0.23493659496307373,-0.02204795554280281,0.43846696615219116,0.00023748511739540845,1
850,-0.17204782366752625,-0.010416699573397636,0.4498542249202728,0.0009665499674156308,1
851,-0.17188528180122375,-0.015251455828547478,0.44977980852127075,0.0008165519102476537,1
852,-0.17352280020713806,-0.020845886319875717,0.44956475496292114,0.0005580407450906932,1
853,-0.17696037888526917,-0.027199985459446907,0.4492090344429016,0.00023748511739540845,1
854,-0.18730245530605316,-0.014251820743083954,0.4490675628185272,0.0008737413445487618,1
855,-0.18719394505023956,-0.01747969537973404,0.4490179121494293,0.0008165519102476537,1
856,-0.18828721344470978,-0.02121475525200367,0.4488743245601654,0.0005580407450906932,1
857,-0.1905822604894638,-0.025457004085183144,0.44863682985305786,0.00023748511739540845,1
858,-0.20242872834205627,-0.020306797698140144,0.44753581285476685,0.0008165519102476537,1
859,-0.20318511128425598,-0.022890958935022354,0.44743648171424866,0.0005580407450906932,1
860,-0.20477299392223358,-0.025826025754213333,0.4472721815109253,0.00023748511739540845,1
861,-0.2174438238143921,-0.021829571574926376,0.4443727135658264,0.0007824632339179516,1
862,-0.21738843619823456,-0.023477058857679367,0.4443473219871521,0.0008165519102476537,1
863,-0.21794643998146057,-0.025383414700627327,0.44427406787872314,0.0005580407450906932,1
864,-0.21911782026290894,-0.027548635378479958,0.44415283203125,0.00023748511739540845,1
865,-0.23159584403038025,-0.026698071509599686,0.438620388507843,0.0008165519102476537,1
866,-0.23203600943088531,-0.028201874345541,0.4385625720024109,0.0005580407450906932,1
867,-0.232960045337677,-0.029909878969192505,0.43846696615219116,0.00023748511739540845,1
868,-0.1415434330701828,-0.002747679129242897,0.4515133500099182,0.0022351520601660013,1
869,-0.15678924322128296,-0.00658058188855648,0.4505612850189209,0.0014708294766023755,1
870,-0.20250380039215088,-0.018073542043566704,0.44757017493247986,0.0008162952726706862,1
871,-0.2316395491361618,-0.02539847418665886,0.43864041566848755,0.0007623701822012663,1
872,-0.24458914995193481,-0.02865409664809704,0.4303268790245056,0.0001816063013393432,1
edges 872
0,1
1,2
2,3
3,4
4,5
5,6
6,7
7,64
64,8
8,9
9,10
10,11
11,12
12,13
13,14
14,15
15,16
16,17
17,18
18,19
19,20
20,21
21,22
22,23
23,24
24,25
25,26
26,27
27,28
28,29
29,30
30,31
31,32
32,33
33,34
34,35
35,36
36,37
37,38
38,39
39,40
40,41
41,42
42,43
43,44
44,45
45,46
46,47
13,48
48,49
49,50
50,51
51,52
52,53
53,54
54,55
55,56
56,57
57,58
58,418
418,59
59,60
60,61
61,62
62,63
64,65
65,66
66,494
494,67
67,68
68,532
532,69
69,794
28,70
70,71
71,267
267,72
72,73
73,604
604,74
74,831
21,75
75,76
76,77
77,78
78,79
79,80
80,81
81,82
82,341
341,83
83,84
84,382
382,85
85,868
120,86
86,87
87,88
105,89
89,90
90,91
121,92
92,93
93,94
95,96
96,97
97,98
115,99
99,100
100,101
120,102
102,103
103,104
105,106
106,107
107,108
121,109
109,110
110,111
95,112
112,113
113,114
115,116
116,117
117,118
418,119
119,120
120,105
105,121
121,95
95,115
115,122
139,123
123,124
124,125
157,126
126,127
127,128
146,129
129,130
130,131
158,132
132,133
133,134
135,136
136,137
137,138
139,140
140,141
141,142
157,143
143,144
144,145
146,147
147,148
148,149
158,150
150,151
151,152
135,153
153,154
154,155
61,156
156,139
139,157
157,146
146,158
158,135
135,159
193,160
160,161
161,162
194,163
163,164
164,165
195,166
166,167
167,168
169,170
170,171
171,172
188,173
173,174
174,175
193,176
176,177
177,178
194,179
179,180
180,181
195,182
182,183
183,184
169,185
185,186
186,187
188,189
189,190
190,191
494,192
192,193
193,194
194,195
195,169
169,188
188,196
197,198
198,199
199,200
217,201
201,202
202,203
204,205
205,206
206,207
224,208
208,209
209,210
232,211
211,212
212,213
197,214
214,215
215,216
217,218
218,219
219,220
204,221
221,222
222,223
224,225
225,226
226,227
232,228
228,229
229,230
532,231
231,197
197,217
217,204
204,224
224,232
232,233
250,234
234,235
235,236
237,238
238,239
239,240
269,241
241,242
242,243
260,244
244,245
245,246
270,247
247,248
248,249
250,251
251,252
252,253
237,254
254,255
255,256
269,257
257,258
258,259
260,261
261,262
262,263
270,264
264,265
265,266
267,268
268,250
250,237
237,269
269,260
260,270
270,271
305,272
272,273
273,274
306,275
275,276
276,277
307,278
278,279
279,280
297,281
281,282
282,283
284,285
285,286
286,287
305,288
288,289
289,290
306,291
291,292
292,293
307,294
294,295
295,296
297,298
298,299
299,300
284,301
301,302
302,303
604,304
304,305
305,306
306,307
307,297
297,284
284,308
309,310
310,311
311,312
343,313
313,314
314,315
344,316
316,317
317,318
345,319
319,320
320,321
337,322
322,323
323,324
309,325
325,326
326,327
343,328
328,329
329,330
344,331
331,332
332,333
345,334
334,335
335,336
337,338
338,339
339,340
341,342
342,309
309,343
343,344
344,345
345,337
337,346
364,347
347,348
348,349
368,350
350,351
351,352
353,354
354,355
355,356
357,358
358,359
359,360
378,361
361,362
362,363
364,365
365,366
366,367
368,369
369,370
370,371
353,372
372,373
373,374
357,375
375,376
376,377
378,379
379,380
380,381
382,383
383,364
364,368
368,353
353,357
357,378
378,384
402,385
385,386
386,387
388,389
389,390
390,391
392,393
393,394
394,395
420,396
396,397
397,398
421,399
399,400
400,401
402,403
403,404
404,405
388,406
406,407
407,408
392,409
409,410
410,411
420,412
412,413
413,414
421,415
415,416
416,417
418,419
419,402
402,388
388,392
392,420
420,421
421,422
457,423
423,424
424,425
442,426
426,427
427,428
446,429
429,430
430,431
458,432
432,433
433,434
435,436
436,437
437,438
457,439
439,440
440,441
442,443
443,444
444,445
446,447
447,448
448,449
458,450
450,451
451,452
435,453
453,454
454,455
61,456
456,457
457,442
442,446
446,458
458,435
435,459
477,460
460,461
461,462
481,463
463,464
464,465
466,467
467,468
468,469
496,470
470,471
471,472
473,474
474,475
475,476
477,478
478,479
479,480
481,482
482,483
483,484
466,485
485,486
486,487
496,488
488,489
489,490
473,491
491,492
492,493
494,495
495,477
477,481
481,466
466,496
496,473
473,497
498,499
499,500
500,501
502,503
503,504
504,505
522,506
506,507
507,508
509,510
510,511
511,512
534,513
513,514
514,515
498,516
516,517
517,518
502,519
519,520
520,521
522,523
523,524
524,525
509,526
526,527
527,528
534,529
529,530
530,531
532,533
533,498
498,502
502,522
522,509
509,534
534,535
553,536
536,537
537,538
539,540
540,541
541,542
570,543
543,544
544,545
546,547
547,548
548,549
571,550
550,551
551,552
553,554
554,555
555,556
539,557
557,558
558,559
570,560
560,561
561,562
546,563
563,564
564,565
571,566
566,567
567,568
267,569
569,553
553,539
539,570
570,546
546,571
571,572
606,573
573,574
574,575
607,576
576,577
577,578
579,580
580,581
581,582
608,583
583,584
584,585
609,586
586,587
587,588
606,589
589,590
590,591
607,592
592,593
593,594
579,595
595,596
596,597
608,598
598,599
599,600
609,601
601,602
602,603
604,605
605,606
606,607
607,579
579,608
608,609
609,610
627,611
611,612
612,613
614,615
615,616
616,617
646,618
618,619
619,620
637,621
621,622
622,623
641,624
624,625
625,626
627,628
628,629
629,630
614,631
631,632
632,633
646,634
634,635
635,636
637,638
638,639
639,640
641,642
642,643
643,644
341,645
645,627
627,614
614,646
646,637
637,641
641,647
682,648
648,649
649,650
668,651
651,652
652,653
654,655
655,656
656,657
683,658
658,659
659,660
661,662
662,663
663,664
682,665
665,666
666,667
668,669
669,670
670,671
654,672
672,673
673,674
683,675
675,676
676,677
661,678
678,679
679,680
382,681
681,682
682,668
668,654
654,683
683,661
661,684
720,685
685,686
686,687
688,689
689,690
690,691
692,693
693,694
694,695
696,697
697,698
698,699
715,700
700,701
701,702
720,703
703,704
704,705
688,706
706,707
707,708
692,709
709,710
710,711
696,712
712,713
713,714
715,716
716,717
717,718
47,719
719,720
720,688
688,692
692,696
696,715
715,721
739,722
722,723
723,724
725,726
726,727
727,728
746,729
729,730
730,731
732,733
733,734
734,735
753,736
736,737
737,738
739,740
740,741
741,742
725,743
743,744
744,745
746,747
747,748
748,749
732,750
750,751
751,752
753,754
754,755
755,756
63,757
757,739
739,725
725,746
746,732
732,753
753,758
759,760
760,761
761,762
779,763
763,764
764,765
766,767
767,768
768,769
786,770
770,771
771,772
790,773
773,774
774,775
759,776
776,777
777,778
779,780
780,781
781,782
766,783
783,784
784,785
786,787
787,788
788,789
790,791
791,792
792,793
794,795
795,759
759,779
779,766
766,786
786,790
790,796
813,797
797,798
798,799
817,800
800,801
801,802
803,804
804,805
805,806
833,807
807,808
808,809
827,810
810,811
811,812
813,814
814,815
815,816
817,818
818,819
819,820
803,821
821,822
822,823
833,824
824,825
825,826
827,828
828,829
829,830
831,832
832,813
813,817
817,803
803,833
833,827
827,834
850,835
835,836
836,837
854,838
838,839
839,840
870,841
841,842
842,843
861,844
844,845
845,846
871,847
847,848
848,849
850,851
851,852
852,853
854,855
855,856
856,857
870,858
858,859
859,860
861,862
862,863
863,864
871,865
865,866
866,867
868,869
869,850
850,854
854,870
870,861
861,871
871,872
