verts 617
0,-0.000480742659419775,9.611679706722498e-05,0.007419053465127945,0.003000000026077032,0
1,-0.0004652053175959736,0.00011574095697142184,0.009929489344358444,0.0029614404775202274,0
2,-0.0004496679757721722,0.00013536513142753392,0.012439925223588943,0.0029228811617940664,0
3,-0.00040601124055683613,0.00018862244905903935,0.014949467964470387,0.0028806799091398716,0
4,-0.00035695196129381657,0.0002483416174072772,0.0174588393419981,0.0028377787675708532,0
5,-0.0002757664769887924,0.0003428482450544834,0.019966254010796547,0.0027907281182706356,0
6,-0.00018557034491095692,0.0004463751392904669,0.022472994402050972,0.002742515178397298,0
7,-6.365834269672632e-05,0.0005798338097520173,0.02497703768312931,0.002690213732421398,0
8,7.825803913874552e-05,0.0007285333704203367,0.02747906744480133,0.0026353360153734684,0
9,0.0002394697512499988,0.0008911753538995981,0.02997913770377636,0.0025779723655432463,0
10,0.00043107493547722697,0.001069063087925315,0.032476045191287994,0.0025166908744722605,0
11,0.0006425628089345992,0.0012483983300626278,0.034971218556165695,0.0024528352078050375,0
12,0.000869639974553138,0.001421431079506874,0.03746546432375908,0.002386950422078371,0
13,0.0011084708385169506,0.0015789641765877604,0.039959631860256195,0.0023195194080471992,0
14,0.001353084109723568,0.0017094813520088792,0.04245483875274658,0.002251299563795328,0
15,0.0015928184147924185,0.0017901966348290443,0.04495260864496231,0.0021836471278220415,0
16,0.0018199888290837407,0.0018221279606223106,0.04745250195264816,0.0021175742149353027,0
17,0.002030417788773775,0.0018038309644907713,0.049953874200582504,0.0020536361262202263,0
18,0.0022202087566256523,0.0017450809245929122,0.05245649069547653,0.0020000000949949026,0
19,0.0023666899651288986,0.001667205709964037,0.054961562156677246,0.0020000000949949026,0
20,0.002489733975380659,0.001599118229933083,0.057468075305223465,0.0020000003278255463,0
21,0.002592614386230707,0.0015394510701298714,0.059975817799568176,0.0020000000949949026,0
22,0.002680928912013769,0.0014860249357298017,0.06248421221971512,0.0020000000949949026,0
23,0.002758048940449953,0.0014373953454196453,0.06499311327934265,0.0020000000949949026,0
24,0.002829956589266658,0.0013910937123000622,0.0675022155046463,0.0020000003278255463,0
25,0.0028901936020702124,0.0013500044587999582,0.07001171261072159,0.0020000000949949026,0
26,0.0029504308477044106,0.0013089150888845325,0.07252120971679688,0.0020000000949949026,0
27,0.0030005841981619596,0.0012726371642202139,0.07503100484609604,0.0020000000949949026,0
28,0.0030490346252918243,0.0012371718185022473,0.07754084467887878,0.0020000000949949026,0
29,0.003094976767897606,0.001203035470098257,0.0800507515668869,0.0020000000949949026,0
30,0.0031348890624940395,0.001172094140201807,0.08256080001592636,0.0020000000949949026,0
31,0.003174801357090473,0.0011411526938900352,0.08507084846496582,0.0020000000949949026,0
32,0.0032102528493851423,0.0011130060302093625,0.08758100122213364,0.001999999862164259,0
33,0.0032438989728689194,0.0010859908070415258,0.09009119868278503,0.0020000000949949026,0
34,0.0032766545191407204,0.0010597107466310263,0.09260140359401703,0.0020000000949949026,0
35,0.003305799327790737,0.0010364130139350891,0.09511168301105499,0.0020000000949949026,0
36,0.0033349439036101103,0.0010131150484085083,0.09762196987867355,0.0020000000949949026,0
37,0.0034252991899847984,0.0009535278659313917,0.10058189928531647,0.0014250000240281224,0
38,0.0033878821413964033,0.0009737457148730755,0.10264265537261963,0.0020000000949949026,0
39,0.0034133256413042545,0.0009578681783750653,0.10515303909778595,0.0020000000949949026,0
40,0.003438470419496298,0.0009433059603907168,0.10766343027353287,0.0020000000949949026,0
41,0.003465359564870596,0.0009356192895211279,0.11017383635044098,0.0020000000949949026,0
42,0.0034980392083525658,0.0009374949731864035,0.11268417537212372,0.0020000000949949026,0
43,0.0035535586066544056,0.0009287984576076269,0.11519405245780945,0.0019750280771404505,0
44,0.003623099299147725,0.0008835176704451442,0.11770306527614594,0.0019433870911598206,0
45,0.003700393019244075,0.0008053928031586111,0.12021118402481079,0.001914252177812159,0
46,0.003785376902669668,0.0006925977650098503,0.12271776795387268,0.0018875940004363656,0
47,0.003872966393828392,0.0005664160125888884,0.12522359192371368,0.001861761324107647,0
48,0.003962889313697815,0.00042824752745218575,0.12772874534130096,0.0018366680014878511,0
49,0.004054931458085775,0.0002753986918833107,0.13023293018341064,0.0018122090259566903,0
50,0.00414735684171319,0.00011863112013088539,0.13273689150810242,0.0017878520302474499,0
51,0.004240098409354687,-4.711261499323882e-05,0.13524025678634644,0.0017635209951549768,0
52,0.004332107491791248,-0.00021521253802347928,0.1377435028553009,0.0017388946143910289,0
53,0.004423198290169239,-0.00038625855813734233,0.14024655520915985,0.0017138984985649586,0
54,0.004511179868131876,-0.0005572925438173115,0.14274972677230835,0.0016877495218068361,0
55,0.004596801474690437,-0.0007270225323736668,0.14525309205055237,0.0016607387224212289,0
56,0.004676681477576494,-0.0008916726801544428,0.14775697886943817,0.0016316510736942291,0
57,0.004747036378830671,-0.0010442505590617657,0.15026189386844635,0.0015991567634046078,0
58,0.004802885465323925,-0.0011761628556996584,0.15276828408241272,0.0015615036245435476,0
59,0.004824397619813681,-0.0012553510023280978,0.15527714788913727,0.0015117052244022489,0
60,0.004849066957831383,-0.0012518235016614199,0.1577872633934021,0.001500000013038516,0
61,0.004963394720107317,-0.0012487078784033656,0.16029509902000427,0.001500000013038516,0
62,0.005126077216118574,-0.0012522937031462789,0.16280031204223633,0.001500000013038516,0
63,0.005320378579199314,-0.001259761629626155,0.1653033047914505,0.001500000013038516,0
64,0.0058841947466135025,-0.0012164479121565819,0.16748583316802979,0.0012499999720603228,0
65,0.005779273808002472,-0.0012817858951166272,0.1703033149242401,0.001500000013038516,0
66,0.006036804057657719,-0.0012949155643582344,0.17280057072639465,0.001500000013038516,0
67,0.0063074734061956406,-0.0013087691040709615,0.17529645562171936,0.001500000013038516,0
68,0.006592662073671818,-0.0013232656056061387,0.17779073119163513,0.001500000013038516,0
69,0.0068956282921135426,-0.0013381815515458584,0.18028287589550018,0.001500000013038516,0
70,0.007209234870970249,-0.001353202504105866,0.18277370929718018,0.001500000013038516,0
71,0.007536320947110653,-0.0013682851567864418,0.18526281416416168,0.001500000013038516,0
72,0.00788236502557993,-0.0013831343967467546,0.18774935603141785,0.001500000013038516,0
73,0.008239870890974998,-0.0013977244962006807,0.19023427367210388,0.001500000013038516,0
74,0.008613710291683674,-0.0014118747785687447,0.1927168071269989,0.001500000013038516,0
75,0.009021744132041931,-0.0014238923322409391,0.19519391655921936,0.0014764133375138044,0
76,0.00945619959384203,-0.0014339443296194077,0.19766642153263092,0.0014476351207122207,0
77,0.009924545884132385,-0.001441327971406281,0.20013289153575897,0.0014182493323460221,0
78,0.010439504869282246,-0.0014447248540818691,0.20259004831314087,0.001387683441862464,0
79,0.010984033346176147,-0.001445355941541493,0.20504073798656464,0.001356105669401586,0
80,0.011325769126415253,-0.0013861043844372034,0.20795562863349915,0.0010616237996146083,0
81,0.012170445173978806,-0.0014367004623636603,0.20991942286491394,0.0012887000339105725,0
82,0.012818656861782074,-0.0014259421732276678,0.21234482526779175,0.0012516520218923688,0
83,0.013505387119948864,-0.0014097250532358885,0.21475957334041595,0.001211159978993237,0
84,0.01423217449337244,-0.0013867440866306424,0.21716248989105225,0.0011658247094601393,0
85,0.015013838186860085,-0.0013519995845854282,0.21954789757728577,0.0011109437327831984,0
86,0.015869293361902237,-0.0012957426952198148,0.22190718352794647,0.001036582631058991,0
87,0.01696927472949028,-0.0011566285975277424,0.2241571992635727,0.0009903775062412024,0
88,0.018222982063889503,-0.000977375078946352,0.226322203874588,0.000976852374151349,0
89,0.019594348967075348,-0.0007714119856245816,0.22841401398181915,0.0009640966891311109,0
90,0.02106667123734951,-0.0005429667071439326,0.23043465614318848,0.000951938854996115,0
91,0.02261948212981224,-0.00029752490809187293,0.23239153623580933,0.0009401109418831766,0
92,0.02421974390745163,-4.267915937816724e-05,0.23430845141410828,0.0009283771505579352,0
93,0.027571581304073334,0.000494228326715529,0.23800721764564514,0.0009047526982612908,0
94,0.029314149171113968,0.0007721523870714009,0.2397925853729248,0.0008924534195102751,0
95,0.03109496273100376,0.0010539446957409382,0.24153926968574524,0.0008796137408353388,0
96,0.03291969373822212,0.0013385689817368984,0.24323982000350952,0.0008658845908939838,0
97,0.03480208292603493,0.001623399555683136,0.24487639963626862,0.0008504005381837487,0
98,0.03676667809486389,0.001901694224216044,0.24641354382038116,0.0008312755962833762,0
99,0.03892017528414726,0.0021420414559543133,0.24766476452350616,0.000800000037997961,1
100,0.009764348156750202,-0.0007466206443496048,0.21059072017669678,0.0007854244322516024,0
101,0.008332528173923492,-0.00012612056161742657,0.2126772701740265,0.000776153348851949,0
102,0.0068504707887768745,0.0005094545194879174,0.2147238701581955,0.0007691601058468223,0
103,0.005355210043489933,0.0011477852240204811,0.21675989031791687,0.0007626276346854866,0
104,0.003840560093522072,0.0017901626415550709,0.21878035366535187,0.0007567715365439653,0
105,0.0023153391666710377,0.002433622255921364,0.22079244256019592,0.000751149607822299,0
106,0.0007750875083729625,0.0030786204151809216,0.2227925956249237,0.0007458606851287186,0
107,-0.0007701864815317094,0.00372361671179533,0.2247888594865799,0.0007406206568703055,0
108,-0.0023346978705376387,0.004368606023490429,0.22677010297775269,0.0007355682319030166,0
109,-0.0038992094341665506,0.005013595800846815,0.22875136137008667,0.0007305158069357276,0
110,-0.005487559363245964,0.0056565189734101295,0.23071421682834625,0.0007254494121298194,0
111,-0.007078621536493301,0.006299207918345928,0.2326749712228775,0.0007203815039247274,0
112,-0.010312994010746479,0.007576574571430683,0.23655599355697632,0.0007098116911947727,0
113,-0.01195538230240345,0.008210458792746067,0.23847666382789612,0.000704217585735023,0
114,-0.013624407351016998,0.008838921785354614,0.240376278758049,0.0006982588674873114,0
115,-0.01532562356442213,0.00945950299501419,0.24224913120269775,0.0006917415885254741,0
116,-0.01706569641828537,0.010070569813251495,0.244089737534523,0.0006845500902272761,0
117,-0.018916863948106766,0.010649316012859344,0.2458282709121704,0.0006751262117177248,0
118,0.008158434182405472,-0.0017898643855005503,0.16878584027290344,0.000986170955002308,0
119,0.01000190619379282,-0.0027156986761838198,0.17035022377967834,0.0009753894992172718,0
120,0.011815589852631092,-0.0037415288388729095,0.17189371585845947,0.000965633662417531,0
121,0.013574058189988136,-0.004923482425510883,0.17339015007019043,0.0009575169533491135,0
122,0.015329791232943535,-0.006113084033131599,0.1748833805322647,0.0009494753903709352,0
123,0.01705126091837883,-0.00739852711558342,0.17633691430091858,0.0009423771407455206,0
124,0.018772728741168976,-0.008683968335390091,0.17779041826725006,0.0009352788329124451,0
125,0.020479191094636917,-0.010018621571362019,0.17921656370162964,0.0009285826818086207,0
126,0.022179991006851196,-0.011371856555342674,0.18063238263130188,0.0009220383944921196,0
127,0.023879162967205048,-0.01273377612233162,0.18204161524772644,0.0009155388688668609,0
128,0.025570891797542572,-0.014135480858385563,0.18342067301273346,0.0009092442924156785,0
129,0.027262618765234947,-0.015537186525762081,0.18479971587657928,0.0009029497159644961,0
130,0.028954707086086273,-0.01695862226188183,0.1861577183008194,0.0008966582827270031,0
131,0.030647113919258118,-0.018397456035017967,0.18749713897705078,0.0008903697598725557,0
132,0.03233952075242996,-0.019836291670799255,0.18883654475212097,0.0008840812370181084,0
133,0.03404124081134796,-0.02130173146724701,0.19013452529907227,0.000877584214322269,0
134,0.03574422001838684,-0.02277076058089733,0.19142693281173706,0.0008710591937415302,0
135,0.03745463490486145,-0.024248283356428146,0.19269928336143494,0.0007093368913047016,1
136,0.039180345833301544,-0.025743279606103897,0.19393029808998108,0.0008572959341108799,0
137,0.04090605303645134,-0.027238279581069946,0.19516131281852722,0.0008502334821969271,0
138,0.04267092049121857,-0.02875584363937378,0.19630606472492218,0.000842209265101701,0
139,0.04443712905049324,-0.030274176970124245,0.19744785130023956,0.000834152102470398,0
140,0.0462670661509037,-0.031810831278562546,0.198455810546875,0.0008244391065090895,0
141,0.04813222587108612,-0.033350877463817596,0.1993827521800995,0.0008137183031067252,0
142,0.005421042442321777,0.001116994651965797,0.10260504484176636,0.0008338342886418104,0
143,0.0073542227037250996,0.0014645373448729515,0.10414888709783554,0.0008209776133298874,0
144,0.009287846274673939,0.0018707334529608488,0.1056806743144989,0.0008094640215858817,0
145,0.011219071224331856,0.002368780318647623,0.10718785226345062,0.0007999107474461198,0
146,0.01315003726631403,0.002876830054447055,0.10869235545396805,0.0007905709207989275,0
147,0.015079792588949203,0.0034275734797120094,0.110182985663414,0.0007820114260539412,0
148,0.017008954659104347,0.003999230917543173,0.11166684329509735,0.0007738340646028519,0
149,0.018938055261969566,0.004576572682708502,0.11314847320318222,0.000765734352171421,0
150,0.020866721868515015,0.00519426167011261,0.11461441218852997,0.0007581847603432834,0
151,0.022795384749770164,0.005811951123178005,0.11608034372329712,0.0007506351685151458,0
152,0.02472434751689434,0.006443306803703308,0.1175399199128151,0.0007431870908476412,0
153,0.02665383368730545,0.007098544854670763,0.11898837983608246,0.0007359165465459228,0
154,0.02858331799507141,0.007753781974315643,0.12043681740760803,0.0007286460604518652,0
155,0.030513906851410866,0.008426077663898468,0.1218758374452591,0.000721375341527164,0
156,0.032445602118968964,0.009115529246628284,0.12330533564090729,0.0007141045061871409,0
157,0.03437729552388191,0.009804981760680676,0.12473482638597488,0.0007068336708471179,0
158,0.03631142899394035,0.010516483336687088,0.1261500120162964,0.0006993857095949352,0
159,0.03824697434902191,0.011240756139159203,0.1275569051504135,0.000691835128236562,0
160,0.04018251970410347,0.011965030804276466,0.12896381318569183,0.0006842845468781888,0
161,0.04406489059329033,0.013488154858350754,0.13172201812267303,0.0006680056103505194,0
162,0.04600945860147476,0.014269105158746243,0.13308510184288025,0.0006594461156055331,0
163,0.047960199415683746,0.015084823593497276,0.13441906869411469,0.0006501033203676343,0
164,0.049912307411432266,0.01590811274945736,0.13574600219726562,0.0006405493477359414,0
165,0.05187709257006645,0.016801895573735237,0.13700735569000244,0.0006290312157943845,0
166,0.05384767800569534,0.017737695947289467,0.1382247805595398,0.0006161715718917549,0
167,0.027253959327936172,-0.010379312559962273,0.24126726388931274,0.00036865592119283974,1
168,0.026316143572330475,-0.011470207013189793,0.24011142551898956,0.0003114381106570363,1
169,0.025576742365956306,-0.013276161625981331,0.23904268443584442,0.00021284028480295092,1
170,0.025035753846168518,-0.015797175467014313,0.23806102573871613,9.057833813130856e-05,1
171,0.02894890308380127,-0.016635209321975708,0.2417597621679306,0.0003114381106570363,1
172,0.028455248102545738,-0.01784093864262104,0.2410462349653244,0.00021284028480295092,1
173,0.028094062581658363,-0.019524069502949715,0.2403908371925354,9.057833813130856e-05,1
174,0.03175138309597969,-0.021869998425245285,0.24297107756137848,0.0003114381106570363,1
175,0.03140988573431969,-0.022704094648361206,0.24247747659683228,0.00021284028480295092,1
176,0.0311600249260664,-0.02386844903230667,0.24202407896518707,9.057833813130856e-05,1
177,0.03465309739112854,-0.027139585465192795,0.24389544129371643,0.0003114381106570363,1
178,0.03440115600824356,-0.02775493636727333,0.24353128671646118,0.00021284028480295092,1
179,0.03421682119369507,-0.02861393243074417,0.24319680035114288,9.057833813130856e-05,1
180,0.03762705251574516,-0.03241763636469841,0.24463346600532532,0.0003114381106570363,1
181,0.03742831200361252,-0.03290305286645889,0.24434620141983032,0.00021284028480295092,1
182,0.037282902747392654,-0.03358066454529762,0.24408234655857086,9.057833813130856e-05,1
183,0.028473500162363052,-0.00999560859054327,0.2425980418920517,0.0003114381106570363,1
184,0.030027352273464203,-0.010234075598418713,0.24417255818843842,0.00021284028480295092,1
185,0.031915515661239624,-0.011094714514911175,0.2459907829761505,9.057833813130856e-05,1
186,0.029575025662779808,-0.015906883403658867,0.24253146350383759,0.0003332557389512658,1
187,0.030389241874217987,-0.015650706365704536,0.24341993033885956,0.0003114381106570363,1
188,0.03142665699124336,-0.0158099178224802,0.24447113275527954,0.00021284028480295092,1
189,0.03268727287650108,-0.016384515911340714,0.24568507075309753,9.057833813130856e-05,1
190,0.0327477790415287,-0.021188940852880478,0.2441195398569107,0.0003114381106570363,1
191,0.033465441316366196,-0.021299079060554504,0.24484674632549286,0.00021284028480295092,1
192,0.03433750569820404,-0.02169657312333584,0.24568651616573334,9.057833813130856e-05,1
193,0.034972645342350006,-0.026767879724502563,0.24428927898406982,0.0002984363818541169,1
194,0.03538818284869194,-0.026637138798832893,0.2447427213191986,0.0003114381106570363,1
195,0.03591763228178024,-0.026718392968177795,0.2452792078256607,0.00021284028480295092,1
196,0.036560993641614914,-0.02701164223253727,0.2458987534046173,9.057833813130856e-05,1
197,0.03787912428379059,-0.03212442249059677,0.24494414031505585,0.0002907730231527239,1
198,0.03820692002773285,-0.032021284103393555,0.24530184268951416,0.0003114381106570363,1
199,0.03862457349896431,-0.03208538144826889,0.24572503566741943,0.00021284028480295092,1
200,0.03913208469748497,-0.03231670707464218,0.24621376395225525,9.057833813130856e-05,1
201,0.025863751769065857,0.0002205671917181462,0.23618750274181366,0.0008738961769267917,1
202,0.025560319423675537,-0.0047991774044930935,0.23942753672599792,0.0005610535736195743,1
203,0.03218452259898186,-0.021366160362958908,0.24350492656230927,0.00031133758602663875,1
204,0.04086910933256149,-0.037445634603500366,0.24550563097000122,6.926579953869805e-05,1
205,-0.004364427644759417,0.014796174131333828,0.23759593069553375,0.0002384867548244074,1
206,-0.0031943863723427057,0.015707476064562798,0.23675724864006042,0.0001629845064599067,1
207,-0.0018752687610685825,0.017166925594210625,0.23598690330982208,6.936123827472329e-05,1
208,-0.004740888252854347,0.018972236663103104,0.23949937522411346,0.0002551938232500106,1
209,-0.004059250932186842,0.019214695319533348,0.2388938069343567,0.0002384867548244074,1
210,-0.003278083633631468,0.019823117181658745,0.23833386600017548,0.0001629845064599067,1
211,-0.002397386822849512,0.020797504112124443,0.23781956732273102,6.936123827472329e-05,1
212,-0.0038470441941171885,0.023748507723212242,0.23986032605171204,0.0002384867548244074,1
213,-0.0033066500909626484,0.024169400334358215,0.23947297036647797,0.0001629845064599067,1
214,-0.0026974035426974297,0.024843459948897362,0.23911719024181366,6.936123827472329e-05,1
215,-0.003692125901579857,0.028345998376607895,0.2406090348958969,0.0002384867548244074,1
216,-0.003293452551588416,0.02865651063621044,0.2403232604265213,0.0001629845064599067,1
217,-0.002843983471393585,0.029153795912861824,0.24006077647209167,6.936123827472329e-05,1
218,-0.003859474090859294,0.03288094699382782,0.24146035313606262,0.0002226622455054894,1
219,-0.0035850529093295336,0.03297855705022812,0.2412165403366089,0.0002384867548244074,1
220,-0.003270562272518873,0.03322350233793259,0.24099111557006836,0.0001629845064599067,1
221,-0.002916002180427313,0.03361578285694122,0.24078406393527985,6.936123827472329e-05,1
222,-0.0053853923454880714,0.014433017931878567,0.23850294947624207,0.00028230182942934334,1
223,-0.006313612684607506,0.014644581824541092,0.2395472675561905,0.0002384867548244074,1
224,-0.007215540390461683,0.015394743531942368,0.24078282713890076,0.0001629845064599067,1
225,-0.008091174997389317,0.01668350026011467,0.24220967292785645,6.936123827472329e-05,1
226,-0.005360606126487255,0.019113484770059586,0.2401966005563736,0.0002384867548244074,1
227,-0.00596277043223381,0.0196143239736557,0.2410215139389038,0.0001629845064599067,1
228,-0.006547379307448864,0.02047475054860115,0.2419741302728653,6.936123827472329e-05,1
229,-0.004747293423861265,0.0236784927546978,0.24076156318187714,0.0002384867548244074,1
230,-0.005163857247680426,0.0240249615162611,0.24133223295211792,0.0001629845064599067,1
231,-0.005568277090787888,0.024620186537504196,0.24199122190475464,6.936123827472329e-05,1
232,-0.00435628043487668,0.02829434722661972,0.2412739247083664,0.0002384867548244074,1
233,-0.004663598723709583,0.028549952432513237,0.24169492721557617,0.0001629845064599067,1
234,-0.004961957223713398,0.028989076614379883,0.24218109250068665,6.936123827472329e-05,1
235,-0.0041089667938649654,0.03293781355023384,0.24174103140830994,0.0002384867548244074,1
236,-0.004351391922682524,0.03313944488763809,0.24207313358783722,0.0001629845064599067,1
237,-0.0045867501758039,0.03348584473133087,0.24245664477348328,6.936123827472329e-05,1
238,-0.008689191192388535,0.006938905455172062,0.2346206158399582,0.0006735912756994367,1
239,-0.006474831607192755,0.010107496753334999,0.2370786815881729,0.0004296322294976562,1
240,-0.0043185860849916935,0.023580780252814293,0.24027924239635468,0.0002384097606409341,1
241,-0.004040003754198551,0.028222259134054184,0.2409180849790573,0.000228530538151972,1
242,-0.0037494967691600323,0.03754952549934387,0.24193288385868073,5.3040956117911264e-05,1
243,0.03299177810549736,-0.03086084872484207,0.19634753465652466,0.0002732271095737815,1
244,0.031754784286022186,-0.030699966475367546,0.19578665494918823,0.0002308204711880535,1
245,0.030219167470932007,-0.031003503128886223,0.19526803493499756,0.00015774527855683118,1
246,0.028384922072291374,-0.0317714624106884,0.19479167461395264,6.713158654747531e-05,1
247,0.030313849449157715,-0.03486103191971779,0.1965368241071701,0.0002308204711880535,1
248,0.029288608580827713,-0.03506368398666382,0.19619056582450867,0.00015774527855683118,1
249,0.02806399203836918,-0.03557640686631203,0.19587253034114838,6.713158654747531e-05,1
250,0.028833631426095963,-0.03908196836709976,0.19694305956363678,0.0002308204711880535,1
251,0.02812439203262329,-0.03922215849161148,0.19670352339744568,0.00015774527855683118,1
252,0.027277229353785515,-0.03957684710621834,0.19648350775241852,6.713158654747531e-05,1
253,0.027328353375196457,-0.04333028569817543,0.1971258521080017,0.0002308204711880535,1
254,0.02680511586368084,-0.04343371093273163,0.19694913923740387,0.00015774527855683118,1
255,0.026180125772953033,-0.04369537904858589,0.1967868208885193,6.713158654747531e-05,1
256,0.026150763034820557,-0.04763708636164665,0.19731204211711884,0.00021550466772168875,1
257,0.025818277150392532,-0.04759383946657181,0.19716127216815948,0.0002308204711880535,1
258,0.0254055242985487,-0.04767542704939842,0.19702187180519104,0.00015774527855683118,1
259,0.024912504479289055,-0.0478818416595459,0.1968938410282135,6.713158654747531e-05,1
260,0.03398728743195534,-0.03154096379876137,0.19699330627918243,0.0002308204711880535,1
261,0.03482479974627495,-0.032738473266363144,0.19775736331939697,0.00015774527855683118,1
262,0.03550431504845619,-0.0344533808529377,0.1986396759748459,6.713158654747531e-05,1
263,0.031139716506004333,-0.03496844321489334,0.1969113051891327,0.00024699047207832336,1
264,0.03180436044931412,-0.035422515124082565,0.19734244048595428,0.0002308204711880535,1
265,0.032363515347242355,-0.03622202202677727,0.19785255193710327,0.00015774527855683118,1
266,0.032817188650369644,-0.03736696392297745,0.19844160974025726,6.713158654747531e-05,1
267,0.02940494939684868,-0.03915627300739288,0.19720211625099182,0.00023074596538208425,1
268,0.029864732176065445,-0.03947038948535919,0.19750036299228668,0.0002308204711880535,1
269,0.03025154583156109,-0.04002347216010094,0.1978532373905182,0.00015774527855683118,1
270,0.030565384775400162,-0.04081551730632782,0.19826073944568634,6.713158654747531e-05,1
271,0.027749842032790184,-0.0433851033449173,0.197316974401474,0.00022118432389106601,1
272,0.028089044615626335,-0.04361684247851372,0.19753700494766235,0.0002308204711880535,1
273,0.028374413028359413,-0.04402487352490425,0.19779732823371887,0.00015774527855683118,1
274,0.028605947270989418,-0.044609203934669495,0.19809797406196594,6.713158654747531e-05,1
275,0.02641834132373333,-0.04781988635659218,0.19748559594154358,0.0002308204711880535,1
276,0.026643453165888786,-0.04814176261425018,0.1976909637451172,0.00015774527855683118,1
277,0.026826096698641777,-0.04860270395874977,0.19792811572551727,6.713158654747531e-05,1
278,0.035054825246334076,-0.02698248252272606,0.19523365795612335,0.0004158214433118701,1
279,0.024592792615294456,-0.05190344154834747,0.19722101092338562,5.1335926400497556e-05,1
280,0.04423066973686218,0.00663934089243412,0.13263754546642303,0.00017251061217393726,1
281,0.04393436014652252,0.005530891939997673,0.132187619805336,0.00011789567361120135,1
282,0.04383932054042816,0.0040626744739711285,0.13177435100078583,5.0172802730230615e-05,1
283,0.0467684343457222,0.00472337007522583,0.1336294263601303,0.0001845957594923675,1
284,0.04643622413277626,0.004223520867526531,0.13330455124378204,0.00017251061217393726,1
285,0.04623839259147644,0.003483475185930729,0.13300415873527527,0.00011789567361120135,1
286,0.04617494344711304,0.0025032334960997105,0.13272824883460999,5.0172802730230615e-05,1
287,0.04868904501199722,0.0017692944966256618,0.1337161809206009,0.00017251061217393726,1
288,0.04855218902230263,0.001257347292266786,0.13350838422775269,0.00011789567361120135,1
289,0.04850829392671585,0.0005792375886812806,0.1333175003528595,5.0172802730230615e-05,1
290,0.05096511170268059,-0.0007055780733935535,0.13396137952804565,0.00017251061217393726,1
291,0.05086414888501167,-0.0010832648258656263,0.13380807638168335,0.00011789567361120135,1
292,0.050831764936447144,-0.001583537203259766,0.1336672604084015,5.0172802730230615e-05,1
293,0.05325870215892792,-0.0031853364780545235,0.13409732282161713,0.00017251061217393726,1
294,0.0531790554523468,-0.003483271924778819,0.13397638499736786,0.00011789567361120135,1
295,0.05315351113677025,-0.0038779082242399454,0.13386531174182892,5.0172802730230615e-05,1
296,0.04472825676202774,0.007388020865619183,0.13312414288520813,0.00020420446526259184,1
297,0.04548035189509392,0.007794662844389677,0.13368439674377441,0.00017251061217393726,1
298,0.04651243984699249,0.007914313115179539,0.13434724509716034,0.00011789567361120135,1
299,0.047824516892433167,0.007746970281004906,0.1351127028465271,5.0172802730230615e-05,1
300,0.04727056249976158,0.00499486131593585,0.13400347530841827,0.00017251061217393726,1
301,0.04795962572097778,0.005074744578450918,0.13444602489471436,0.00011789567361120135,1
302,0.048835624009370804,0.004963019862771034,0.13495707511901855,5.0172802730230615e-05,1
303,0.04926622286438942,0.0023028908763080835,0.13419967889785767,0.00017251061217393726,1
304,0.04974289983510971,0.002358152298256755,0.13450582325458527,0.00011789567361120135,1
305,0.05034889653325081,0.002280863467603922,0.1348593533039093,5.0172802730230615e-05,1
306,0.051134657114744186,-0.0004504770040512085,0.1341271847486496,0.00016530873836018145,1
307,0.05139092355966568,-0.00031191983725875616,0.13431808352470398,0.00017251061217393726,1
308,0.051742590963840485,-0.000271150900516659,0.13454394042491913,0.00011789567361120135,1
309,0.0521896630525589,-0.000328170252032578,0.13480475544929504,5.0172802730230615e-05,1
310,0.0533924475312233,-0.002984101651236415,0.13422811031341553,0.0001610638719284907,1
311,0.053594596683979034,-0.0028748020995408297,0.13437870144844055,0.00017251061217393726,1
312,0.0538720078766346,-0.0028426419012248516,0.1345568597316742,0.00011789567361120135,1
313,0.05422467738389969,-0.0028876210562884808,0.13476260006427765,5.0172802730230615e-05,1
314,0.042123328894376755,0.01272408664226532,0.13034477829933167,0.0005402044043876231,1
315,0.04294610768556595,0.010126017965376377,0.13222986459732056,0.00031077663879841566,1
316,0.04891885817050934,0.002115079201757908,0.1339409202337265,0.0001724549219943583,1
317,0.05567919835448265,-0.00549343042075634,0.1342676281929016,3.836744508589618e-05,1
318,0.025150738656520844,0.01074067410081625,0.2425980418920517,0.0003114381106570363,1
319,0.02655228227376938,0.011452712118625641,0.24417255818843842,0.00021284028480295092,1
320,0.02807699702680111,0.012860228307545185,0.2459907829761505,9.057833813130856e-05,1
321,0.024350102990865707,0.01670016348361969,0.24253146350383759,0.0003332557389512658,1
322,0.02520359493792057,0.016711220145225525,0.24341993033885956,0.0003114381106570363,1
323,0.02613932453095913,0.01718660444021225,0.24447113275527954,0.00021284028480295092,1
324,0.027157286182045937,0.018126320093870163,0.24568507075309753,9.057833813130856e-05,1
325,0.02512316405773163,0.022701455280184746,0.24350492656230927,0.00031133758602663875,1
326,0.025713594630360603,0.022709103301167488,0.2441195398569107,0.0003114381106570363,1
327,0.02636091038584709,0.02303796447813511,0.24484674632549286,0.00021284028480295092,1
328,0.027065115049481392,0.02368803881108761,0.24568651616573334,9.057833813130856e-05,1
329,0.026083894073963165,0.02870389074087143,0.24428927898406982,0.0002984363818541169,1
330,0.026519479230046272,0.02870953269302845,0.2447427213191986,0.0003114381106570363,1
331,0.026997035369277,0.02895214967429638,0.2452792078256607,0.00021284028480295092,1
332,0.027516556903719902,0.029431737959384918,0.2458987534046173,9.057833813130856e-05,1
333,0.027514785528182983,0.03470483422279358,0.24530184268951416,0.0003114381106570363,1
334,0.027891499921679497,0.03489622101187706,0.24572503566741943,0.00021284028480295092,1
335,0.02830132283270359,0.03527453914284706,0.24621376395225525,9.057833813130856e-05,1
336,0.022640647366642952,0.011467364616692066,0.24011142551898956,0.0003114381106570363,1
337,0.021373985335230827,0.012951869517564774,0.23904268443584442,0.00021284028480295092,1
338,0.02007237821817398,0.015177627094089985,0.23806102573871613,9.057833813130856e-05,1
339,0.023527756333351135,0.01719638705253601,0.2417597621679306,0.0003114381106570363,1
340,0.022682081907987595,0.0181875042617321,0.2410462349653244,0.00021284028480295092,1
341,0.021813075989484787,0.019673511385917664,0.2403908371925354,9.057833813130856e-05,1
342,0.024554286152124405,0.023044731467962265,0.24297107756137848,0.0003114381106570363,1
343,0.023969266563653946,0.023730363696813583,0.24247747659683228,0.00021284028480295092,1
344,0.0233681071549654,0.0247583519667387,0.24202407896518707,9.057833813130856e-05,1
345,0.025664206594228745,0.028957141563296318,0.24389544129371643,0.0003114381106570363,1
346,0.02523260936141014,0.029462963342666626,0.24353128671646118,0.00021284028480295092,1
347,0.024789107963442802,0.030221356078982353,0.24319680035114288,9.057833813130856e-05,1
348,0.026840107515454292,0.034900158643722534,0.24463346600532532,0.0003114381106570363,1
349,0.02649964764714241,0.03529917076230049,0.24434620141983032,0.00021284028480295092,1
350,0.026149792596697807,0.03589742258191109,0.24408234655857086,9.057833813130856e-05,1
351,0.02400706522166729,0.0048941755667328835,0.23942753672599792,0.0005610535736195743,1
352,0.023872366175055504,0.010724115185439587,0.24126726388931274,0.00036865592119283974,1
353,0.027171175926923752,0.034700386226177216,0.24494414031505585,0.0002907730231527239,1
354,0.028348814696073532,0.04068941995501518,0.24550563097000122,6.926579953869805e-05,1
355,-0.012191860005259514,-0.00032416218891739845,0.2395472675561905,0.0002384867548244074,1
356,-0.013363232836127281,-0.0002601354499347508,0.24078282713890076,0.0001629845064599067,1
357,-0.014881836250424385,-0.0006086737848818302,0.24220967292785645,6.936123827472329e-05,1
358,-0.013984216377139091,-0.004565566312521696,0.23949937522411346,0.0002551938232500106,1
359,-0.014534448273479939,-0.004247373901307583,0.2401966005563736,0.0002384867548244074,1
360,-0.01531650498509407,-0.00420462666079402,0.2410215139389038,0.0001629845064599067,1
361,-0.016330387443304062,-0.004437325056642294,0.2419741302728653,6.936123827472329e-05,1
362,-0.01719135418534279,-0.00800985936075449,0.24076156318187714,0.0002384867548244074,1
363,-0.01773236319422722,-0.0079802880063653,0.24133223295211792,0.0001629845064599067,1
364,-0.018433744087815285,-0.008141263388097286,0.24199122190475464,6.936123827472329e-05,1
365,-0.020045755431056023,-0.011658337898552418,0.2412739247083664,0.0002384867548244074,1
366,-0.020444883033633232,-0.01163652166724205,0.24169492721557617,0.0001629845064599067,1
367,-0.020962323993444443,-0.011755280196666718,0.24218109250068665,6.936123827472329e-05,1
368,-0.023024247959256172,-0.01522926613688469,0.24174103140830994,0.0002384867548244074,1
369,-0.02333909645676613,-0.015212057158350945,0.24207313358783722,0.0001629845064599067,1
370,-0.02374727465212345,-0.015305738896131516,0.24245664477348328,6.936123827472329e-05,1
371,-0.011367715895175934,-0.0008007539436221123,0.23850294947624207,0.00028230182942934334,1
372,-0.010866688564419746,-0.0017615982796996832,0.23759593069553375,0.0002384867548244074,1
373,-0.010629414580762386,-0.0032255547121167183,0.23675724864006042,0.0001629845064599067,1
374,-0.010655894875526428,-0.005192623473703861,0.23598690330982208,6.936123827472329e-05,1
375,-0.013649709522724152,-0.005207064561545849,0.2388938069343567,0.0002384867548244074,1
376,-0.013491296209394932,-0.006184461992233992,0.23833386600017548,0.0001629845064599067,1
377,-0.013508975505828857,-0.0074977572076022625,0.23781956732273102,6.936123827472329e-05,1
378,-0.016579311341047287,-0.008673752658069134,0.23986032605171204,0.0002384867548244074,1
379,-0.016469724476337433,-0.009349893778562546,0.23947297036647797,0.0001629845064599067,1
380,-0.016481954604387283,-0.010258402675390244,0.23911719024181366,6.936123827472329e-05,1
381,-0.01959422416985035,-0.012148121371865273,0.2406090348958969,0.0002384867548244074,1
382,-0.01951337605714798,-0.012646942399442196,0.2403232604265213,0.0001629845064599067,1
383,-0.019522398710250854,-0.013317190110683441,0.24006077647209167,6.936123827472329e-05,1
384,-0.022668059915304184,-0.015615629032254219,0.2412165403366089,0.0002384867548244074,1
385,-0.022604284808039665,-0.016009120270609856,0.24099111557006836,0.0001629845064599067,1
386,-0.022611401975154877,-0.01653784140944481,0.24078406393527985,6.936123827472329e-05,1
387,-0.009222668595612049,0.0031102290377020836,0.2370786815881729,0.0004296322294976562,1
388,-0.016810715198516846,-0.008229978382587433,0.24027924239635468,0.0002384097606409341,1
389,-0.019764941185712814,-0.01182072889059782,0.2409180849790573,0.000228530538151972,1
390,-0.02280273102223873,-0.0153573676943779,0.24146035313606262,0.0002226622455054894,1
391,-0.025898942723870277,-0.018853243440389633,0.24193286895751953,5.3040956117911264e-05,1
392,0.04336356371641159,-0.018888456746935844,0.19634753465652466,0.0002732271095737815,1
393,0.04417862743139267,-0.019776858389377594,0.19699330627918243,0.0002308204711880535,1
394,0.045483287423849106,-0.02043513022363186,0.19775736331939697,0.00015774527855683118,1
395,0.0472775399684906,-0.02086326852440834,0.1986396759748459,6.713158654747531e-05,1
396,0.047709397971630096,-0.017062954604625702,0.19734244048595428,0.0002308204711880535,1
397,0.04858044162392616,-0.017502443864941597,0.19785255193710327,0.00015774527855683118,1
398,0.04977836087346077,-0.01778828725218773,0.19844160974025726,6.713158654747531e-05,1
399,0.05106302723288536,-0.014155845157802105,0.19720211625099182,0.00023074596538208425,1
400,0.051439471542835236,-0.01456616073846817,0.19750036299228668,0.0002308204711880535,1
401,0.05204204097390175,-0.014870189130306244,0.1978532373905182,0.00015774527855683118,1
402,0.0528707355260849,-0.015067929401993752,0.19826073944568634,6.713158654747531e-05,1
403,0.05501276254653931,-0.011914871633052826,0.197316974401474,0.00022118432389106601,1
404,0.05529048293828964,-0.012217582203447819,0.19753700494766235,0.0002308204711880535,1
405,0.0557350255548954,-0.012441877275705338,0.19779732823371887,0.00015774527855683118,1
406,0.05634639039635658,-0.012587758712470531,0.19809797406196594,6.713158654747531e-05,1
407,0.05899340659379959,-0.009726054966449738,0.19731204211711884,0.00021550466772168875,1
408,0.05921247974038124,-0.009964845143258572,0.19748559594154358,0.0002308204711880535,1
409,0.059563156217336655,-0.010141778737306595,0.1976909637451172,0.00015774527855683118,1
410,0.06004542484879494,-0.010256856679916382,0.19792811572551727,6.713158654747531e-05,1
411,0.04302800074219704,-0.017687026411294937,0.19578665494918823,0.0002308204711880535,1
412,0.04310955852270126,-0.016123821958899498,0.19526803493499756,0.00015774527855683118,1
413,0.043608225882053375,-0.014198843389749527,0.19479167461395264,6.713158654747531e-05,1
414,0.04694119468331337,-0.01566769741475582,0.1965368241071701,0.0002308204711880535,1
415,0.04699564352631569,-0.014624038711190224,0.19619056582450867,0.00015774527855683118,1
416,0.04732857644557953,-0.013338843360543251,0.19587253034114838,6.713158654747531e-05,1
417,0.05090804770588875,-0.013600952923297882,0.19694305956363678,0.0002308204711880535,1
418,0.0509457141160965,-0.012878972105681896,0.19670352339744568,0.00015774527855683118,1
419,0.051176030188798904,-0.011989902704954147,0.19648350775241852,6.713158654747531e-05,1
420,0.054898425936698914,-0.01150550413876772,0.1971258521080017,0.0002308204711880535,1
421,0.05492621660232544,-0.010972865857183933,0.19694913923740387,0.00015774527855683118,1
422,0.055096130818128586,-0.010316959582269192,0.1967868208885193,6.713158654747531e-05,1
423,0.05890320986509323,-0.009403127245604992,0.19716127216815948,0.0002308204711880535,1
424,0.05892512947320938,-0.008982960134744644,0.19702187180519104,0.00015774527855683118,1
425,0.05905916541814804,-0.00846555270254612,0.1968938410282135,6.713158654747531e-05,1
426,0.03981885686516762,-0.021483249962329865,0.19523365795612335,0.0004158214433118701,1
427,0.04716522619128227,-0.016469821333885193,0.1969113051891327,0.00024699047207832336,1
428,0.06299412995576859,-0.007575880736112595,0.19722101092338562,5.1335926400497556e-05,1
429,0.040392979979515076,0.01840433105826378,0.13312414288520813,0.00020420446526259184,1
430,0.04122050106525421,0.018619319424033165,0.13368439674377441,0.00017251061217393726,1
431,0.04205732420086861,0.019235147163271904,0.13434724509716034,0.00011789567361120135,1
432,0.042903460562229156,0.020251816138625145,0.1351127028465271,5.0172802730230615e-05,1
433,0.04006997495889664,0.0217447467148304,0.1336294263601303,0.0001845957594923675,1
434,0.04062246158719063,0.021888278424739838,0.13400347530841827,0.00017251061217393726,1
435,0.041181161999702454,0.022299431264400482,0.13444602489471436,0.00011789567361120135,1
436,0.041746072471141815,0.022978201508522034,0.13495707511901855,5.0172802730230615e-05,1
437,0.04024825245141983,0.025218339636921883,0.13419967889785767,0.00017251061217393726,1
438,0.040634751319885254,0.02550276555120945,0.13450582325458527,0.00011789567361120135,1
439,0.041025545448064804,0.02597232349216938,0.1348593533039093,5.0172802730230615e-05,1
440,0.04002106562256813,0.028579887002706528,0.13431808352470398,0.00017251061217393726,1
441,0.040306203067302704,0.028789721429347992,0.13454394042491913,0.00011789567361120135,1
442,0.04059451073408127,0.029136134311556816,0.13480475544929504,5.0172802730230615e-05,1
443,0.039887066930532455,0.03195725381374359,0.13437870144844055,0.00017251061217393726,1
444,0.04011199250817299,0.03212277963757515,0.1345568597316742,0.00011789567361120135,1
445,0.04033942148089409,0.032396044582128525,0.13476260006427765,5.0172802730230615e-05,1
446,0.03951860964298248,0.018613101914525032,0.13263754546642303,0.00017251061217393726,1
447,0.03854633867740631,0.01922232285141945,0.132187619805336,0.00011789567361120135,1
448,0.03747617080807686,0.02023199386894703,0.13177435100078583,5.0172802730230615e-05,1
449,0.03948621079325676,0.02188412845134735,0.13330455124378204,0.00017251061217393726,1
450,0.03883708268404007,0.022290870547294617,0.13300415873527527,0.00011789567361120135,1
451,0.038122594356536865,0.022964967414736748,0.13272824883460999,5.0172802730230615e-05,1
452,0.03986605629324913,0.025119047611951828,0.1339409202337265,0.0001724549219943583,1
453,0.039462219923734665,0.025215469300746918,0.1337161809206009,0.00017251061217393726,1
454,0.03901316970586777,0.025496842339634895,0.13350838422775269,0.00011789567361120135,1
455,0.03851890191435814,0.02596316859126091,0.1333175003528595,5.0172802730230615e-05,1
456,0.03973910212516785,0.028506632894277573,0.1341271847486496,0.00016530873836018145,1
457,0.039441172033548355,0.028577769175171852,0.13396137952804565,0.00017251061217393726,1
458,0.039109889417886734,0.028785351663827896,0.13380807638168335,0.00011789567361120135,1
459,0.03874524310231209,0.029129380360245705,0.1336672604084015,5.0172802730230615e-05,1
460,0.03966464102268219,0.03189946711063385,0.13422811031341553,0.0001610638719284907,1
461,0.03942962363362312,0.03195558115839958,0.13409732282161713,0.00017251061217393726,1
462,0.03916829079389572,0.03211933374404907,0.13397638499736786,0.00011789567361120135,1
463,0.038880642503499985,0.032390717417001724,0.13386531174182892,5.0172802730230615e-05,1
464,0.04095480218529701,0.015186095610260963,0.13222986459732056,0.00031077663879841566,1
465,0.039627932012081146,0.03529425710439682,0.1342676281929016,3.836744508589618e-05,1
466,0.04850860685110092,0.003212185576558113,0.253496378660202,0.000345945154549554,1
467,0.049011725932359695,0.001565425656735897,0.25367963314056396,0.0002922582207247615,1
468,0.05012306198477745,-0.0001207226887345314,0.25420939922332764,0.00019973254529759288,1
469,0.05184261128306389,-0.0018462594598531723,0.25508567690849304,8.500007970724255e-05,1
470,0.05363088473677635,0.002646941225975752,0.256547749042511,0.0002922582207247615,1
471,0.05437285453081131,0.0015212020371109247,0.25690144300460815,0.00019973254529759288,1
472,0.05552089586853981,0.00036916579119861126,0.257486492395401,8.500007970724255e-05,1
473,0.058207184076309204,0.00429462268948555,0.25913292169570923,0.00029216636903584003,1
474,0.05843958258628845,0.0035339565947651863,0.2592175304889679,0.0002922582207247615,1
475,0.058952927589416504,0.002755095949396491,0.25946223735809326,0.00019973254529759288,1
476,0.05974721536040306,0.001958041451871395,0.25986701250076294,8.500007970724255e-05,1
477,0.06355118006467819,0.004310771357268095,0.2613452076911926,0.0002922582207247615,1
478,0.06392987817525864,0.003736200276762247,0.2615257501602173,0.00019973254529759288,1
479,0.06451582908630371,0.003148206975311041,0.2618243396282196,8.500007970724255e-05,1
480,0.06896807253360748,0.005037874449044466,0.26257702708244324,0.0002922582207247615,1
481,0.06926680356264114,0.0045846314169466496,0.26271942257881165,0.00019973254529759288,1
482,0.0697290226817131,0.004120801109820604,0.262954980134964,8.500007970724255e-05,1
483,0.04863628372550011,0.004929347429424524,0.25367963314056396,0.0002922582207247615,1
484,0.04934852942824364,0.006819021888077259,0.25420939922332764,0.00019973254529759288,1
485,0.050645340234041214,0.008881209418177605,0.25508567690849304,8.500007970724255e-05,1
486,0.053380224853754044,0.004892827942967415,0.256547749042511,0.0002922582207247615,1
487,0.05385574698448181,0.006154449190944433,0.25690144300460815,0.00019973254529759288,1
488,0.05472154915332794,0.007531246170401573,0.257486492395401,8.500007970724255e-05,1
489,0.058266159147024155,0.005087808705866337,0.2592175304889679,0.0002922582207247615,1
490,0.05859515815973282,0.005960681475698948,0.25946223735809326,0.00019973254529759288,1
491,0.0591941773891449,0.006913240533322096,0.25986701250076294,8.500007970724255e-05,1
492,0.06337973475456238,0.004871920682489872,0.2612828016281128,0.0002800572838168591,1
493,0.06342324614524841,0.005457060411572456,0.2613452076911926,0.0002922582207247615,1
494,0.0636659488081932,0.00610098522156477,0.2615257501602173,0.00019973254529759288,1
495,0.06410785019397736,0.006803695112466812,0.2618243396282196,8.500007970724255e-05,1
496,0.06883282959461212,0.005480529274791479,0.2625277638435364,0.0002728656108956784,1
497,0.06886714696884155,0.005942108575254679,0.26257702708244324,0.0002922582207247615,1
498,0.0690586045384407,0.006450059823691845,0.26271942257881165,0.00019973254529759288,1
499,0.06940718740224838,0.007004383020102978,0.262954980134964,8.500007970724255e-05,1
500,0.04373692348599434,0.0026796283200383186,0.2505429685115814,0.000526435615029186,1
501,0.053294986486434937,0.0037463828921318054,0.2564254403114319,0.00031272732303477824,1
502,0.07442346215248108,0.0061044879257678986,0.2627500593662262,6.500007293652743e-05,1
503,-0.028422316536307335,0.012846453115344048,0.25262898206710815,0.0002854047925211489,1
504,-0.028352132067084312,0.014263277873396873,0.252797931432724,0.0002411130553809926,1
505,-0.028724011033773422,0.01587255299091339,0.2532864511013031,0.0001647793542360887,1
506,-0.029537953436374664,0.01767428033053875,0.25409451127052307,7.012506830506027e-05,1
507,-0.0320739783346653,0.01464727520942688,0.2554280757904053,0.0002411130553809926,1
508,-0.03232225775718689,0.015721691772341728,0.2557542324066162,0.0001647793542360887,1
509,-0.03286568075418472,0.016924595460295677,0.25629371404647827,7.012506830506027e-05,1
510,-0.03590080514550209,0.015237017534673214,0.2579045593738556,0.0002411130553809926,1
511,-0.03607258200645447,0.015980370342731476,0.2581302225589752,0.0001647793542360887,1
512,-0.036448556929826736,0.01681261882185936,0.2585034668445587,7.012506830506027e-05,1
513,-0.039986781775951385,0.01551952213048935,0.25989383459091187,0.00023104727733880281,1
514,-0.03996286541223526,0.016002317890524864,0.2599513828754425,0.0002411130553809926,1
515,-0.04008958861231804,0.016550695523619652,0.26011785864830017,0.0001647793542360887,1
516,-0.040366947650909424,0.017164651304483414,0.2603932023048401,7.012506830506027e-05,1
517,-0.04429829865694046,0.01690131612122059,0.2612779438495636,0.0002411130553809926,1
518,-0.04439825937151909,0.017333894968032837,0.2614092528820038,0.0001647793542360887,1
519,-0.044617049396038055,0.017818205058574677,0.2616264820098877,7.012506830506027e-05,1
520,-0.02898101508617401,0.011542546562850475,0.252797931432724,0.0002411130553809926,1
521,-0.030021391808986664,0.010259706526994705,0.2532864511013031,0.0001647793542360887,1
522,-0.03154344856739044,0.008997933007776737,0.25409451127052307,7.012506830506027e-05,1
523,-0.032493844628334045,0.012830807827413082,0.2554280757904053,0.0002411130553809926,1
524,-0.03318844363093376,0.0119743337854743,0.2557542324066162,0.0001647793542360887,1
525,-0.034204624593257904,0.011131923645734787,0.25629371404647827,7.012506830506027e-05,1
526,-0.036191295832395554,0.013980265706777573,0.2579045593738556,0.0002411130553809926,1
527,-0.03667186200618744,0.013387700542807579,0.2581302225589752,0.0001647793542360887,1
528,-0.03737492486834526,0.012804865837097168,0.2585034668445587,7.012506830506027e-05,1
529,-0.04017716273665428,0.015075203031301498,0.2599513828754425,0.0002411130553809926,1
530,-0.04053168371319771,0.014638063497841358,0.26011785864830017,0.0001647793542360887,1
531,-0.04105033725500107,0.01420810166746378,0.2603932023048401,7.012506830506027e-05,1
532,-0.04431716725230217,0.016520468518137932,0.26123255491256714,0.00022511417046189308,1
533,-0.044467344880104065,0.016169974580407143,0.2612779438495636,0.0002411130553809926,1
534,-0.0447470024228096,0.015825141221284866,0.2614092528820038,0.0001647793542360887,1
535,-0.04515613615512848,0.015485972166061401,0.2616264820098877,7.012506830506027e-05,1
536,-0.02101115882396698,0.011133401654660702,0.247277170419693,0.0006600000197067857,1
537,-0.02473701536655426,0.011994615197181702,0.24992340803146362,0.00043430938967503607,1
538,-0.03212083503603935,0.013701347634196281,0.25531524419784546,0.0002580000727903098,1
539,-0.035933222621679306,0.014582562260329723,0.2578265070915222,0.00024103728355839849,1
540,-0.04881555587053299,0.01756024733185768,0.26173749566078186,5.3625062719220296e-05,1
541,0.05860189348459244,-0.041571713984012604,0.20326825976371765,0.000345945154549554,1
542,0.05783466622233391,-0.04312106966972351,0.20336519181728363,0.0002922582207247615,1
543,0.05752720683813095,-0.045166976749897,0.20364545285701752,0.00019973254529759288,1
544,0.05767950415611267,-0.04770943522453308,0.20410901308059692,8.500007970724255e-05,1
545,0.06284961104393005,-0.04490705579519272,0.2048826664686203,0.00031272732303477824,1
546,0.06233738362789154,-0.04594146087765694,0.20494738221168518,0.0002922582207247615,1
547,0.062132108956575394,-0.047307390719652176,0.20513448119163513,0.00019973254529759288,1
548,0.06223379075527191,-0.04900483787059784,0.20544397830963135,8.500007970724255e-05,1
549,0.06679516285657883,-0.04899906367063522,0.20629549026489258,0.0002922582207247615,1
550,0.06665313988924026,-0.04994410276412964,0.20642495155334473,0.00019973254529759288,1
551,0.06672349572181702,-0.051118507981300354,0.20663908123970032,8.500007970724255e-05,1
552,0.07127637416124344,-0.052257031202316284,0.2070460468530655,0.0002922582207247615,1
553,0.0711716040968895,-0.05295419320464134,0.20714154839515686,0.00019973254529759288,1
554,0.07122350484132767,-0.05382055789232254,0.20729951560497284,8.500007970724255e-05,1
555,0.07575444877147675,-0.05561840534210205,0.2068544626235962,0.0002922582207247615,1
556,0.07567179948091507,-0.05616835132241249,0.2069297879934311,0.00019973254529759288,1
557,0.07571274042129517,-0.05685177445411682,0.20705440640449524,8.500007970724255e-05,1
558,0.05992503464221954,-0.04045887291431427,0.20336519181728363,0.0002922582207247615,1
559,0.061839621514081955,-0.03967488929629326,0.20364545285701752,0.00019973254529759288,1
560,0.06434564292430878,-0.03921975940465927,0.20410901308059692,8.500007970724255e-05,1
561,0.06373299658298492,-0.04416407644748688,0.20494738221168518,0.0002922582207247615,1
562,0.06501124799251556,-0.043640654534101486,0.20513448119163513,0.00019973254529759288,1
563,0.06668436527252197,-0.04333679378032684,0.20544397830963135,8.500007970724255e-05,1
564,0.0671495646238327,-0.04828339070081711,0.20625071227550507,0.00029216636903584003,1
565,0.06776074320077896,-0.047769349068403244,0.20629549026489258,0.0002922582207247615,1
566,0.06864511966705322,-0.04740721359848976,0.20642495155334473,0.00019973254529759288,1
567,0.06980269402265549,-0.04719698429107666,0.20663908123970032,8.500007970724255e-05,1
568,0.07198868691921234,-0.051349859684705734,0.2070460468530655,0.0002922582207247615,1
569,0.07264110445976257,-0.051082711666822433,0.20714154839515686,0.00019973254529759288,1
570,0.073495052754879,-0.05092762038111687,0.20729951560497284,8.500007970724255e-05,1
571,0.0759606808423996,-0.0552019327878952,0.20682840049266815,0.0002728656108956784,1
572,0.07631634920835495,-0.05490279570221901,0.2068544626235962,0.0002922582207247615,1
573,0.07683099806308746,-0.05469205975532532,0.2069297879934311,0.00019973254529759288,1
574,0.07750461995601654,-0.05456971749663353,0.20705440640449524,8.500007970724255e-05,1
575,0.05009970813989639,-0.03489575535058975,0.20006895065307617,0.000800000037997961,1
576,0.054360564798116684,-0.03824140131473541,0.2016264796257019,0.000526435615029186,1
577,0.0715378150343895,-0.051729075610637665,0.20701301097869873,0.0002800572838168591,1
578,0.08028522878885269,-0.058597590774297714,0.20561940968036652,6.500007293652743e-05,1
579,0.06328471004962921,0.02124725840985775,0.1433570384979248,0.00021919366554357111,1
580,0.0645415410399437,0.020382387563586235,0.1437094807624817,0.00014979940897319466,1
581,0.0662480816245079,0.01966278627514839,0.1442924588918686,6.37500561424531e-05,1
582,0.0663343071937561,0.023320630192756653,0.1452774703502655,0.00021919366554357111,1
583,0.06717341393232346,0.022743208333849907,0.14551278948783875,0.00014979940897319466,1
584,0.06831277161836624,0.022262774407863617,0.14590200781822205,6.37500561424531e-05,1
585,0.06956063210964203,0.02530510351061821,0.1470414698123932,0.00021919366554357111,1
586,0.07014118134975433,0.024905603379011154,0.14720427989959717,0.00014979940897319466,1
587,0.07092946767807007,0.024573208764195442,0.1474735587835312,6.37500561424531e-05,1
588,0.07300518453121185,0.027282698079943657,0.14838583767414093,0.00021919366554357111,1
589,0.07343345880508423,0.026987984776496887,0.14850594103336334,0.00014979940897319466,1
590,0.07401497662067413,0.02674277499318123,0.14870458841323853,6.37500561424531e-05,1
591,0.0766381099820137,0.029288453981280327,0.14904536306858063,0.00021919366554357111,1
592,0.07697594910860062,0.029055973514914513,0.1491401046514511,0.00014979940897319466,1
593,0.07743467390537262,0.028862543404102325,0.1492968052625656,6.37500561424531e-05,1
594,0.062477611005306244,0.022257402539253235,0.14323511719703674,0.0002594588731881231,1
595,0.06210692971944809,0.02349611558020115,0.1433570384979248,0.00021919366554357111,1
596,0.062111783772706985,0.025021759793162346,0.1437094807624817,0.00014979940897319466,1
597,0.062492165714502335,0.026834335178136826,0.1442924588918686,6.37500561424531e-05,1
598,0.06554797291755676,0.0248220544308424,0.1452774703502655,0.00021919366554357111,1
599,0.06555121392011642,0.02584063448011875,0.14551278948783875,0.00014979940897319466,1
600,0.06580516695976257,0.02705078199505806,0.14590200781822205,6.37500561424531e-05,1
601,0.06901659816503525,0.02634388767182827,0.1470414698123932,0.00021919366554357111,1
602,0.06901884078979492,0.027048608288168907,0.14720427989959717,0.00014979940897319466,1
603,0.06919454038143158,0.02788586914539337,0.1474735587835312,6.37500561424531e-05,1
604,0.072730153799057,0.027626914903521538,0.14834430813789368,0.00021004295558668673,1
605,0.07260384410619736,0.02804901823401451,0.14838583767414093,0.00021919366554357111,1
606,0.07260549813508987,0.028568895533680916,0.14850594103336334,0.00014979940897319466,1
607,0.07273511588573456,0.0291865486651659,0.14870458841323853,6.37500561424531e-05,1
608,0.07632151991128922,0.029892954975366592,0.14904536306858063,0.00021919366554357111,1
609,0.07632282376289368,0.030303053557872772,0.1491401046514511,0.00014979940897319466,1
610,0.07642506808042526,0.030790280550718307,0.1492968201637268,6.37500561424531e-05,1
611,0.05583257973194122,0.018777238205075264,0.13933373987674713,0.0006000000284984708,1
612,0.05916852504014969,0.02052435651421547,0.1412551999092102,0.0003948266967199743,1
613,0.06579545140266418,0.023995041847229004,0.1451960802078247,0.0002345454995520413,1
614,0.06918781995773315,0.02577170543372631,0.14698515832424164,0.00021912477677688003,1
615,0.07642115652561188,0.029559984803199768,0.14901259541511536,0.00020464921544771641,1
616,0.08016039431095123,0.03151831775903702,0.1489088088274002,4.875005470239557e-05,1
edges 616
0,1
1,2
2,3
3,4
4,5
5,6
6,7
7,8
8,9
9,10
10,11
11,12
12,13
13,14
14,15
15,16
16,17
17,18
18,19
19,20
20,21
21,22
22,23
23,24
24,25
25,26
26,27
27,28
28,29
29,30
30,31
31,32
32,33
33,34
34,35
35,36
36,37
37,38
38,39
39,40
40,41
41,42
42,43
43,44
44,45
45,46
46,47
47,48
48,49
49,50
50,51
51,52
52,53
53,54
54,55
55,56
56,57
57,58
58,59
59,60
60,61
61,62
62,63
63,64
64,65
65,66
66,67
67,68
68,69
69,70
70,71
71,72
72,73
73,74
74,75
75,76
76,77
77,78
78,79
79,80
80,81
81,82
82,83
83,84
84,85
85,86
86,87
87,88
88,89
89,90
90,91
91,92
92,201
201,93
93,94
94,95
95,96
96,97
97,98
98,99
80,100
100,101
101,102
102,103
103,104
104,105
105,106
106,107
107,108
108,109
109,110
110,111
111,238
238,112
112,113
113,114
114,115
115,116
116,117
117,536
64,118
118,119
119,120
120,121
121,122
122,123
123,124
124,125
125,126
126,127
127,128
128,129
129,130
130,131
131,132
132,133
133,134
134,135
135,136
136,137
137,138
138,139
139,140
140,141
141,575
37,142
142,143
143,144
144,145
145,146
146,147
147,148
148,149
149,150
150,151
151,152
152,153
153,154
154,155
155,156
156,157
157,158
158,159
159,160
160,314
314,161
161,162
162,163
163,164
164,165
165,166
166,611
167,168
168,169
169,170
186,171
171,172
172,173
203,174
174,175
175,176
193,177
177,178
178,179
197,180
180,181
181,182
167,183
183,184
184,185
186,187
187,188
188,189
203,190
190,191
191,192
193,194
194,195
195,196
197,198
198,199
199,200
201,202
202,167
167,186
186,203
203,193
193,197
197,204
222,205
205,206
206,207
208,209
209,210
210,211
240,212
212,213
213,214
241,215
215,216
216,217
218,219
219,220
220,221
222,223
223,224
224,225
208,226
226,227
227,228
240,229
229,230
230,231
241,232
232,233
233,234
218,235
235,236
236,237
238,239
239,222
222,208
208,240
240,241
241,218
218,242
243,244
244,245
245,246
263,247
247,248
248,249
267,250
250,251
251,252
271,253
253,254
254,255
256,257
257,258
258,259
243,260
260,261
261,262
263,264
264,265
265,266
267,268
268,269
269,270
271,272
272,273
273,274
256,275
275,276
276,277
135,278
278,243
243,263
263,267
267,271
271,256
256,279
296,280
280,281
281,282
283,284
284,285
285,286
316,287
287,288
288,289
306,290
290,291
291,292
310,293
293,294
294,295
296,297
297,298
298,299
283,300
300,301
301,302
316,303
303,304
304,305
306,307
307,308
308,309
310,311
311,312
312,313
314,315
315,296
296,283
283,316
316,306
306,310
310,317
352,318
318,319
319,320
321,322
322,323
323,324
325,326
326,327
327,328
329,330
330,331
331,332
353,333
333,334
334,335
352,336
336,337
337,338
321,339
339,340
340,341
325,342
342,343
343,344
329,345
345,346
346,347
353,348
348,349
349,350
201,351
351,352
352,321
321,325
325,329
329,353
353,354
371,355
355,356
356,357
358,359
359,360
360,361
388,362
362,363
363,364
389,365
365,366
366,367
390,368
368,369
369,370
371,372
372,373
373,374
358,375
375,376
376,377
388,378
378,379
379,380
389,381
381,382
382,383
390,384
384,385
385,386
238,387
387,371
371,358
358,388
388,389
389,390
390,391
392,393
393,394
394,395
427,396
396,397
397,398
399,400
400,401
401,402
403,404
404,405
405,406
407,408
408,409
409,410
392,411
411,412
412,413
427,414
414,415
415,416
399,417
417,418
418,419
403,420
420,421
421,422
407,423
423,424
424,425
135,426
426,392
392,427
427,399
399,403
403,407
407,428
429,430
430,431
431,432
433,434
434,435
435,436
452,437
437,438
438,439
456,440
440,441
441,442
460,443
443,444
444,445
429,446
446,447
447,448
433,449
449,450
450,451
452,453
453,454
454,455
456,457
457,458
458,459
460,461
461,462
462,463
314,464
464,429
429,433
433,452
452,456
456,460
460,465
466,467
467,468
468,469
501,470
470,471
471,472
473,474
474,475
475,476
492,477
477,478
478,479
496,480
480,481
481,482
466,483
483,484
484,485
501,486
486,487
487,488
473,489
489,490
490,491
492,493
493,494
494,495
496,497
497,498
498,499
99,500
500,466
466,501
501,473
473,492
492,496
496,502
503,504
504,505
505,506
538,507
507,508
508,509
539,510
510,511
511,512
513,514
514,515
515,516
532,517
517,518
518,519
503,520
520,521
521,522
538,523
523,524
524,525
539,526
526,527
527,528
513,529
529,530
530,531
532,533
533,534
534,535
536,537
537,503
503,538
538,539
539,513
513,532
532,540
541,542
542,543
543,544
545,546
546,547
547,548
564,549
549,550
550,551
577,552
552,553
553,554
571,555
555,556
556,557
541,558
558,559
559,560
545,561
561,562
562,563
564,565
565,566
566,567
577,568
568,569
569,570
571,572
572,573
573,574
575,576
576,541
541,545
545,564
564,577
577,571
571,578
594,579
579,580
580,581
613,582
582,583
583,584
614,585
585,586
586,587
604,588
588,589
589,590
615,591
591,592
592,593
594,595
595,596
596,597
613,598
598,599
599,600
614,601
601,602
602,603
604,605
605,606
606,607
615,608
608,609
609,610
611,612
612,594
594,613
613,614
614,604
604,615
615,616
