verts 300
0,-0.00019236188381910324,0.001115805353038013,0.002537685912102461,0.0012499999720603228,0
1,-0.00019699094991665334,0.0011089146137237549,0.005069051869213581,0.0012390799820423126,0
2,-0.00020162001601420343,0.0011020238744094968,0.007600417826324701,0.0012281599920243025,0
3,-0.00020624909666366875,0.0010951331350952387,0.010131783783435822,0.0012172400020062923,0
4,-0.00021087814820930362,0.0010882423957809806,0.012663149274885654,0.0012063200119882822,0
5,-0.0002201831084676087,0.0010751158697530627,0.015194465406239033,0.0011953138746321201,0
6,-0.00023421007790602744,0.0010556923225522041,0.017725732177495956,0.0011842207750305533,0
7,-0.0002482370473444462,0.0010362686589360237,0.020256998017430305,0.0011731276754289865,0
8,-0.00026226401678286493,0.0010168451117351651,0.022788263857364655,0.0011620345758274198,0
9,-0.0002769323473330587,0.0009967134101316333,0.02531951665878296,0.0011509225005283952,0
10,-0.00030077077099122107,0.0009664598619565368,0.02785060554742813,0.0011395392939448357,0
11,-0.00032460916554555297,0.0009362061973661184,0.030381690710783005,0.0011281559709459543,0
12,-0.0003484475309960544,0.0009059526491910219,0.03291277959942818,0.0011167727643623948,0
13,-0.00037228589644655585,0.0008756990428082645,0.03544386476278305,0.0011053895577788353,0
14,-0.00043840325088240206,0.0007989142322912812,0.040505602955818176,0.0010818798327818513,0
15,-0.00047280226135626435,0.0007593386108055711,0.04303643852472305,0.0010700708953663707,0
16,-0.0005072013009339571,0.0007197630475275218,0.04556727409362793,0.0010582620743662119,0
17,-0.0005484402063302696,0.000675562652759254,0.04809792339801788,0.0010461087804287672,0
18,-0.0005945789162069559,0.0006280491943471134,0.050628434866666794,0.001033709035255015,0
19,-0.0006407176260836422,0.0005805357941426337,0.053158946335315704,0.0010213091736659408,0
20,-0.0006868563359603286,0.0005330223357304931,0.05568946152925491,0.0010089094284921885,0
21,-0.0007413386483676732,0.0004814297135453671,0.05821971967816353,0.0009960137540474534,0
22,-0.0008606390911154449,0.00037319111288525164,0.06327991187572479,0.0009696079650893807,0
23,-0.0009202893124893308,0.00031907184165902436,0.06581001728773117,0.0009564051288180053,0
24,-0.0009943791665136814,0.00026027040439657867,0.06833961606025696,0.0009422285947948694,0
25,-0.0010701887076720595,0.0002009113086387515,0.07086916267871857,0.0009279361693188548,0
26,-0.0011459983652457595,0.0001415522419847548,0.07339870929718018,0.0009136437438428402,0
27,-0.001230967347510159,8.050828910199925e-05,0.07592790573835373,0.0008986712782643735,0
28,-0.0013269728515297174,1.7434213077649474e-05,0.07845667004585266,0.0008828795398585498,0
29,-0.001422978239133954,-4.563986658467911e-05,0.08098545670509338,0.000867087859660387,0
30,-0.0016506522661074996,-0.00017422338714823127,0.0860413908958435,0.0008326572133228183,0
31,-0.0017732703126966953,-0.00023911477182991803,0.08856897056102753,0.000814740895293653,0
32,-0.0019182462710887194,-0.0003034776309505105,0.09109531342983246,0.0007949406281113625,0
33,-0.0020783867221325636,-0.0003674819599837065,0.09362080693244934,0.0007738624699413776,0
34,-0.0022538225166499615,-0.0004300536238588393,0.09614519029855728,0.0007514445460401475,0
35,-0.002472063060849905,-0.0004886158858425915,0.09866645932197571,0.0007252771174535155,0
36,-0.0027302601374685764,-0.0005414095940068364,0.10118356347084045,0.0006955165299586952,0
37,-0.0030524651519954205,-0.0005849626613780856,0.10369397699832916,0.0006600000197067857,1
38,-0.007982335984706879,0.01324381586164236,0.040306318551301956,0.00037157366750761867,1
39,-0.009458817541599274,0.014575455337762833,0.03854749724268913,0.0002539376146160066,1
40,-0.011601299047470093,0.016482047736644745,0.036931999027729034,0.00010806810314534232,1
41,-0.01257028803229332,0.01687043532729149,0.04446229338645935,0.00039760410436429083,1
42,-0.013111398555338383,0.017375631257891655,0.04319234564900398,0.00037157366750761867,1
43,-0.014097158797085285,0.018264688551425934,0.04201808571815491,0.0002539376146160066,1
44,-0.015527566894888878,0.019537607207894325,0.040939513593912125,0.00010806810314534232,1
45,-0.018647706136107445,0.021213075146079063,0.04581891745328903,0.00037157366750761867,1
46,-0.019329633563756943,0.02182810567319393,0.045006588101387024,0.0002539376146160066,1
47,-0.02031915821135044,0.022708682343363762,0.044260457158088684,0.00010806810314534232,1
48,-0.024157743901014328,0.024596242234110832,0.04891496151685715,0.00035606144228950143,1
49,-0.024433903396129608,0.02485406957566738,0.04826683551073074,0.00037157366750761867,1
50,-0.024936990812420845,0.025307806208729744,0.04766754433512688,0.0002539376146160066,1
51,-0.025667008012533188,0.025957446545362473,0.04711708799004555,0.00010806810314534232,1
52,-0.030376659706234932,0.028350934386253357,0.050606757402420044,0.00037157366750761867,1
53,-0.030773518607020378,0.028708860278129578,0.05013401061296463,0.0002539376146160066,1
54,-0.031349387019872665,0.029221324250102043,0.04969978705048561,0.00010806810314534232,1
55,-0.007171853445470333,0.012487128376960754,0.042208459228277206,0.00043983967043459415,1
56,-0.007034209091216326,0.012307368218898773,0.044398512691259384,0.00037157366750761867,1
57,-0.0075028399005532265,0.012643571943044662,0.04698966443538666,0.0002539376146160066,1
58,-0.008577746339142323,0.013495739549398422,0.04998191446065903,0.00010806810314534232,1
59,-0.012478390708565712,0.01675041951239109,0.045924462378025055,0.00037157366750761867,1
60,-0.012791268527507782,0.016974883154034615,0.047654420137405396,0.0002539376146160066,1
61,-0.01350891962647438,0.017543824389576912,0.04965217038989067,0.00010806810314534232,1
62,-0.018273377791047096,0.020863592624664307,0.04669743776321411,0.0003714537597261369,1
63,-0.018209805712103844,0.020780568942427635,0.04770893603563309,0.00037157366750761867,1
64,-0.01842624694108963,0.020935848355293274,0.04890568181872368,0.0002539376146160066,1
65,-0.018922701478004456,0.021329429000616074,0.050287678837776184,0.00010806810314534232,1
66,-0.024110844358801842,0.024534989148378372,0.04966118931770325,0.00037157366750761867,1
67,-0.024270523339509964,0.024649545550346375,0.05054408311843872,0.0002539376146160066,1
68,-0.024636780843138695,0.02493990957736969,0.05156364664435387,0.00010806810314534232,1
69,-0.030158814042806625,0.02814754657447338,0.05111802741885185,0.0003469183575361967,1
70,-0.03012181632220745,0.02809922955930233,0.05170668289065361,0.00037157366750761867,1
71,-0.030247777700424194,0.02818959578871727,0.052403148263692856,0.0002539376146160066,1
72,-0.030536698177456856,0.02841864712536335,0.05320742353796959,0.00010806810314534232,1
73,-0.0004040042113047093,0.0008384897373616695,0.0379747673869133,0.0010426366934552789,1
74,-0.0024826987646520138,0.0073739588260650635,0.03995193913578987,0.0006693874020129442,1
75,-0.03624054417014122,0.03156665340065956,0.05330953001976013,8.264032658189535e-05,1
76,-0.004856280982494354,0.009726738557219505,0.06397788226604462,0.00033159874146804214,1
77,-0.005383825860917568,0.010376117192208767,0.06254426389932632,0.00028013245901092887,1
78,-0.006359625142067671,0.011514443904161453,0.061218660324811935,0.00019144565158057958,1
79,-0.007783679291605949,0.01314171776175499,0.06000107526779175,8.147343032760546e-05,1
80,-0.008521180599927902,0.013476436957716942,0.06567500531673431,0.00029975699726492167,1
81,-0.008873390965163708,0.013909987173974514,0.0647178590297699,0.00028013245901092887,1
82,-0.0095248743891716,0.014669980853796005,0.0638328343629837,0.00019144565158057958,1
83,-0.010475631803274155,0.01575641520321369,0.06301992386579514,8.147343032760546e-05,1
84,-0.012692427262663841,0.017261242493987083,0.06669176369905472,0.00028013245901092887,1
85,-0.013143109157681465,0.017786988988518715,0.0660795271396637,0.00019144565158057958,1
86,-0.013800821267068386,0.01853856071829796,0.06551717221736908,8.147343032760546e-05,1
87,-0.016714919358491898,0.02048870362341404,0.06852839142084122,0.00028013245901092887,1
88,-0.01704740710556507,0.020876571536064148,0.0680767148733139,0.00019144565158057958,1
89,-0.017532631754875183,0.02143104001879692,0.0676618367433548,8.147343032760546e-05,1
90,-0.020724982023239136,0.0234482791274786,0.07066716253757477,0.00026154459919780493,1
91,-0.02086677774786949,0.023622822016477585,0.07028182595968246,0.00028013245901092887,1
92,-0.021129060536623,0.023928789421916008,0.06992552429437637,0.00019144565158057958,1
93,-0.021511824801564217,0.02436617761850357,0.0695982500910759,8.147343032760546e-05,1
94,-0.004782830830663443,0.009567582048475742,0.06562849879264832,0.00028013245901092887,1
95,-0.005119777750223875,0.009846443310379982,0.0675814226269722,0.00019144565158057958,1
96,-0.0058671217411756516,0.010563320480287075,0.06983664631843567,8.147343032760546e-05,1
97,-0.008472142741084099,0.013370176777243614,0.06677702814340591,0.00028013245901092887,1
98,-0.008697101846337318,0.013556355610489845,0.06808087229728699,0.00019144565158057958,1
99,-0.009196058847010136,0.01403497252613306,0.06958655267953873,8.147343032760546e-05,1
100,-0.012448775582015514,0.016961321234703064,0.06735389679670334,0.0002800420334096998,1
101,-0.012414852157235146,0.016887813806533813,0.06811624765396118,0.00028013245901092887,1
102,-0.012570474296808243,0.017016608268022537,0.06901822239160538,0.00019144565158057958,1
103,-0.012915642000734806,0.017347704619169235,0.07005982100963593,8.147343032760546e-05,1
104,-0.016510140150785446,0.020213207229971886,0.06957929581403732,0.00028013245901092887,1
105,-0.016624949872493744,0.020308226346969604,0.07024472206830978,0.00019144565158057958,1
106,-0.016879595816135406,0.020552489906549454,0.07101315259933472,8.147343032760546e-05,1
107,-0.020705239847302437,0.023405499756336212,0.07111082226037979,0.00028013245901092887,1
108,-0.020795805379748344,0.023480454459786415,0.07163574546575546,0.00019144565158057958,1
109,-0.020996682345867157,0.02367314137518406,0.07224191725254059,8.147343032760546e-05,1
110,-0.000800988869741559,0.00042731044231913984,0.06074982136487961,0.000838808948174119,1
111,-0.0017873349133878946,0.0054938774555921555,0.06227022036910057,0.000504656694829464,1
112,-0.016535166651010513,0.020267440006136894,0.06901687383651733,0.00026843766681849957,1
113,-0.024986883625388145,0.02653741091489792,0.07230745255947113,6.230322469491512e-05,1
114,-0.0035126523580402136,0.009106014855206013,0.08511559665203094,0.0002413199545117095,1
115,-0.004096176940947771,0.010259214788675308,0.08397460728883743,0.00016492075519636273,1
116,-0.0049648890271782875,0.011907598003745079,0.08292658627033234,7.018524775048718e-05,1
117,-0.005804429762065411,0.012720786966383457,0.08698409050703049,0.0002413199545117095,1
118,-0.006194014567881823,0.013490709476172924,0.08622231334447861,0.00016492075519636273,1
119,-0.006774001754820347,0.014591237530112267,0.0855226144194603,7.018524775048718e-05,1
120,-0.008266950026154518,0.015942616388201714,0.08924423903226852,0.0002412420726614073,1
121,-0.008404740132391453,0.016246525570750237,0.08867432177066803,0.0002413199545117095,1
122,-0.00867424625903368,0.016779141500592232,0.08814734220504761,0.00016492075519636273,1
123,-0.0090754684060812,0.01754046231508255,0.08766330778598785,7.018524775048718e-05,1
124,-0.011197464540600777,0.019708143547177315,0.09024230390787125,0.0002413199545117095,1
125,-0.01139629166573286,0.02010107785463333,0.08985353261232376,0.00016492075519636273,1
126,-0.011692292056977749,0.020662739872932434,0.0894964337348938,7.018524775048718e-05,1
127,-0.014115379191935062,0.023116663098335266,0.09173594415187836,0.0002413199545117095,1
128,-0.01427222229540348,0.02342662774026394,0.09142925590276718,0.00016492075519636273,1
129,-0.014505719766020775,0.02386968955397606,0.09114756435155869,7.018524775048718e-05,1
130,-0.003214315278455615,0.008447999134659767,0.08634956926107407,0.0002856555802281946,1
131,-0.0032074509654194117,0.008286431431770325,0.08777031302452087,0.0002413199545117095,1
132,-0.0034665486309677362,0.008568421006202698,0.08945126086473465,0.00016492075519636273,1
133,-0.0039916085079312325,0.009293965063989162,0.0913924127817154,7.018524775048718e-05,1
134,-0.005605247803032398,0.012281468138098717,0.08780793845653534,0.00025822551106102765,1
135,-0.0056006647646427155,0.012173599563539028,0.0887564867734909,0.0002413199545117095,1
136,-0.005773648619651794,0.012361866421997547,0.08987875282764435,0.00016492075519636273,1
137,-0.00612420029938221,0.012846269644796848,0.09117474406957626,7.018524775048718e-05,1
138,-0.008263779804110527,0.015867993235588074,0.0899004265666008,0.0002413199545117095,1
139,-0.008383446373045444,0.0159982331097126,0.09067678451538086,0.00016492075519636273,1
140,-0.00862594973295927,0.016333332285284996,0.0915733203291893,7.018524775048718e-05,1
141,-0.011093472130596638,0.019428882747888565,0.09114685654640198,0.0002413199545117095,1
142,-0.011181754991412163,0.019524967297911644,0.0917196199297905,0.00016492075519636273,1
143,-0.011360661126673222,0.019772185012698174,0.09238103032112122,7.018524775048718e-05,1
144,-0.01403519045561552,0.02293979935348034,0.09206762164831161,0.00022530746355187148,1
145,-0.014033345505595207,0.02289636991918087,0.09244949370622635,0.0002413199545117095,1
146,-0.014102987013757229,0.022972164675593376,0.0929013043642044,0.00016492075519636273,1
147,-0.01424411591142416,0.023167181760072708,0.09342306107282639,7.018524775048718e-05,1
148,-0.0015280343359336257,-0.0001093319951905869,0.08351381868124008,0.0007239021942950785,1
149,-0.001415747799910605,0.004322133492678404,0.08486902713775635,0.00043473622645251453,1
150,-0.011095810681581497,0.019483935087919235,0.09066276252269745,0.00023124547442421317,1
151,-0.017052417621016502,0.026332419365644455,0.09346188604831696,5.36710795131512e-05,1
152,0.01187649741768837,-0.004129817709326744,0.044398512691259384,0.00037157366750761867,1
153,0.012274691835045815,-0.004547058138996363,0.04698966443538666,0.0002539376146160066,1
154,0.01326825749129057,-0.005492806434631348,0.04998191073536873,0.00010806810314534232,1
155,0.017034463584423065,-0.008902154862880707,0.045924462378025055,0.00037157366750761867,1
156,0.0173003152012825,-0.009180720895528793,0.047654420137405396,0.0002539376146160066,1
157,0.017963659018278122,-0.00981214176863432,0.04965216666460037,0.00010806810314534232,1
158,0.02182355709373951,-0.014016428031027317,0.04770893231034279,0.00037157366750761867,1
159,0.022007467225193977,-0.014209134504199028,0.04890567809343338,0.0002539376146160066,1
160,0.022466354072093964,-0.014645936898887157,0.050287675112485886,0.00010806810314534232,1
161,0.026363231241703033,-0.01933707669377327,0.04966118559241295,0.00037157366750761867,1
162,0.026498910039663315,-0.01947924494743347,0.05054407939314842,0.0002539376146160066,1
163,0.026837453246116638,-0.019801493734121323,0.05156364291906357,0.00010806810314534232,1
164,0.03078288584947586,-0.024822978302836418,0.05111802741885185,0.0003469183575361967,1
165,0.030729888007044792,-0.024793071672320366,0.05170667916536331,0.00037157366750761867,1
166,0.030836915597319603,-0.024905219674110413,0.05240314453840256,0.0002539376146160066,1
167,0.03110397234559059,-0.025159424170851707,0.05320741981267929,0.00010806810314534232,1
168,0.012073676101863384,-0.0042410846799612045,0.042208459228277206,0.00043983967043459415,1
169,0.012935863807797432,-0.0049382830038666725,0.040306318551301956,0.00037157366750761867,1
170,0.014460156671702862,-0.006214916706085205,0.03854749724268913,0.0002539376146160066,1
171,0.016646552830934525,-0.008070984855294228,0.036931995302438736,0.00010806810314534232,1
172,0.017741739749908447,-0.009441918693482876,0.04319234564900398,0.00037157366750761867,1
173,0.01875942014157772,-0.010294251143932343,0.04201808571815491,0.0002539376146160066,1
174,0.020219147205352783,-0.011533438228070736,0.040939509868621826,0.00010806810314534232,1
175,0.022312834858894348,-0.01438982505351305,0.045818913727998734,0.00037157366750761867,1
176,0.02301684394478798,-0.014979450032114983,0.045006584376096725,0.0002539376146160066,1
177,0.024026650935411453,-0.015836691483855247,0.04426044970750809,0.00010806810314534232,1
178,0.02672419510781765,-0.019612548872828484,0.048266831785440445,0.00037157366750761867,1
179,0.02724357321858406,-0.020047541707754135,0.04766754060983658,0.0002539376146160066,1
180,0.027988554909825325,-0.02067996747791767,0.04711708426475525,0.00010806810314534232,1
181,0.03101463057100773,-0.025010375306010246,0.050606753677129745,0.00037157366750761867,1
182,0.03142433986067772,-0.02535351738333702,0.05013400688767433,0.0002539376146160066,1
183,0.03201201185584068,-0.025852400809526443,0.04969978332519531,0.00010806810314534232,1
184,0.006357274018228054,-0.0003097450826317072,0.03995193913578987,0.0006693874020129442,1
185,0.017166107892990112,-0.008976440876722336,0.04446229338645935,0.00039760410436429083,1
186,0.02191462740302086,-0.014067817479372025,0.04669743403792381,0.0003714537597261369,1
187,0.026430418714880943,-0.019374988973140717,0.04891496151685715,0.00035606144228950143,1
188,0.03501567989587784,-0.03036925569176674,0.05330952629446983,8.264032658189535e-05,1
189,0.00790993869304657,-0.004422369878739119,0.06562849879264832,0.0002801324299070984,1
190,0.008154800161719322,-0.004784777760505676,0.0675814226269722,0.00019144562247674912,1
191,0.008795804344117641,-0.00559813529253006,0.06983663886785507,8.147342305164784e-05,1
192,0.01133673544973135,-0.008463137783110142,0.06677702814340591,0.0002801324299070984,1
193,0.011500215157866478,-0.008705096319317818,0.06808087229728699,0.00019144562247674912,1
194,0.011928175576031208,-0.009248126298189163,0.06958655267953873,8.147342305164784e-05,1
195,0.014455336146056652,-0.012728468514978886,0.06811624765396118,0.0002801324299070984,1
196,0.014568427577614784,-0.012895849533379078,0.06901822239160538,0.00019144562247674912,1
197,0.014864481985569,-0.013271505944430828,0.07005982100963593,8.147342305164784e-05,1
198,0.017367802560329437,-0.017127010971307755,0.06957929581403732,0.0002801324299070984,1
199,0.01745123602449894,-0.01725049503147602,0.07024472206830978,0.00019144562247674912,1
200,0.017669647932052612,-0.017527634277939796,0.07101315259933472,8.147342305164784e-05,1
201,0.02013811469078064,-0.021611982956528664,0.07111082226037979,0.0002801324299070984,1
202,0.020203929394483566,-0.021709393709897995,0.07163574546575546,0.00019144562247674912,1
203,0.02037622220814228,-0.021928012371063232,0.07224191725254059,8.147342305164784e-05,1
204,0.00806121900677681,-0.004510912112891674,0.06397788226604462,0.0003315986832603812,1
205,0.008656362071633339,-0.005098958499729633,0.06254426389932632,0.0002801324299070984,1
206,0.009694667533040047,-0.006180575117468834,0.06121865659952164,0.00019144562247674912,1
207,0.011176133528351784,-0.007755760103464127,0.06000107526779175,8.147342305164784e-05,1
208,0.011835078708827496,-0.008914856240153313,0.0647178590297699,0.0002801324299070984,1
209,0.012528293766081333,-0.009636987000703812,0.0638328343629837,0.00019144562247674912,1
210,0.013517380692064762,-0.010688645765185356,0.06301992386579514,8.147342305164784e-05,1
211,0.014525207690894604,-0.012769361957907677,0.06735389679670334,0.0002800419752020389,1
212,0.01480007916688919,-0.013040957041084766,0.06669176369905472,0.0002801324299070984,1
213,0.015279630199074745,-0.013540511019527912,0.0660795271396637,0.00019144562247674912,1
214,0.015963857993483543,-0.014268025755882263,0.06551717221736908,8.147342305164784e-05,1
215,0.01762213557958603,-0.01735754869878292,0.06852839142084122,0.0002801324299070984,1
216,0.01797592267394066,-0.017726091668009758,0.0680767074227333,0.00019144562247674912,1
217,0.018480708822607994,-0.018262812867760658,0.0676618367433548,8.147342305164784e-05,1
218,0.020338742062449455,-0.02179384045302868,0.07028182595968246,0.0002801324299070984,1
219,0.02061782404780388,-0.022084563970565796,0.06992552429437637,0.00019144562247674912,1
220,0.021016022190451622,-0.02250795252621174,0.0695982500910759,8.147342305164784e-05,1
221,0.004146009683609009,-0.001045845914632082,0.06227022036910057,0.0005046565784141421,1
222,0.011437736451625824,-0.00852225162088871,0.06567500531673431,0.00029975693905726075,1
223,0.017419349402189255,-0.01715718023478985,0.06901687383651733,0.00026843760861083865,1
224,0.02017877623438835,-0.021635781973600388,0.07066716253757477,0.00026154457009397447,1
225,0.022839929908514023,-0.02617723122239113,0.07230744510889053,6.23032174189575e-05,1
226,0.004929633811116219,-0.005971923470497131,0.08634956926107407,0.0002856555802281946,1
227,0.004794814623892307,-0.005882621742784977,0.08777031302452087,0.0002413199545117095,1
228,0.004902523010969162,-0.006250111386179924,0.08945126086473465,0.00016492075519636273,1
229,0.005252758972346783,-0.007074391935020685,0.0913924127817154,7.018524775048718e-05,1
230,0.006888011936098337,-0.009939230047166348,0.0887564867734909,0.0002413199545117095,1
231,0.006959922611713409,-0.010184581391513348,0.08987875282764435,0.00016492075519636273,1
232,0.007193754427134991,-0.010734904557466507,0.09117474406957626,7.018524775048718e-05,1
233,0.008676760829985142,-0.014127440750598907,0.0899004265666008,0.0002413199545117095,1
234,0.008726506493985653,-0.01429716870188713,0.09067678451538086,0.00016492075519636273,1
235,0.00888826698064804,-0.014677871018648148,0.0915733203291893,7.018524775048718e-05,1
236,0.010265166871249676,-0.018389370292425156,0.09114685654640198,0.0002413199545117095,1
237,0.010301866568624973,-0.018514586612582207,0.0917196199297905,0.00016492075519636273,1
238,0.010421204380691051,-0.018795447424054146,0.09238103032112122,7.018524775048718e-05,1
239,0.011716695502400398,-0.022697431966662407,0.09244949370622635,0.0002413199545117095,1
240,0.011745646595954895,-0.022796208038926125,0.0929013043642044,0.00016492075519636273,1
241,0.011839784681797028,-0.0230177640914917,0.09342306107282639,7.018524775048718e-05,1
242,0.0053391046822071075,-0.006567174568772316,0.08511559665203094,0.0002413199545117095,1
243,0.006025389768183231,-0.007662337739020586,0.08397460728883743,0.00016492075519636273,1
244,0.006988488137722015,-0.009257413446903229,0.08292658627033234,7.018524775048718e-05,1
245,0.006978022865951061,-0.009998852387070656,0.08780793845653534,0.00025822551106102765,1
246,0.007251402363181114,-0.010396265424787998,0.08698409050703049,0.0002413199545117095,1
247,0.00770959397777915,-0.011127441190183163,0.08622231334447861,0.00016492075519636273,1
248,0.008352598175406456,-0.012192378751933575,0.0855226144194603,7.018524775048718e-05,1
249,0.008928146213293076,-0.014443607069551945,0.08867432177066803,0.0002413199545117095,1
250,0.009245112538337708,-0.014949418604373932,0.08814734220504761,0.00016492075519636273,1
251,0.009689928963780403,-0.015686118975281715,0.08766330778598785,7.018524775048718e-05,1
252,0.010450624860823154,-0.01862262189388275,0.09024230390787125,0.0002413199545117095,1
253,0.010684465989470482,-0.018995780497789383,0.08985353261232376,0.00016492075519636273,1
254,0.011012626811861992,-0.019539278000593185,0.0894964337348938,7.018524775048718e-05,1
255,0.011862993240356445,-0.022881431505084038,0.09173594415187836,0.0002413199545117095,1
256,0.012047456577420235,-0.023175794631242752,0.09142925590276718,0.00016492075519636273,1
257,0.01230632420629263,-0.023604528978466988,0.09114756435155869,7.018524775048718e-05,1
258,0.00232497975230217,-0.0023013120517134666,0.08486902713775635,0.00043473622645251453,1
259,0.008739028126001358,-0.014168685302138329,0.08924423903226852,0.0002412420726614073,1
260,0.010311104357242584,-0.018419798463582993,0.09066276252269745,0.00023124547442421317,1
261,0.011752933263778687,-0.022721435874700546,0.09206761419773102,0.00022530746355187148,1
262,0.01310040708631277,-0.027057085186243057,0.09346188604831696,5.36710795131512e-05,1
263,-0.004278608597815037,0.0006582283531315625,0.11323943734169006,0.0002411130553809926,1
264,-0.00458867009729147,0.002114000031724572,0.11410622298717499,0.0001647793542360887,1
265,-0.004983279854059219,0.003647094126790762,0.11553995311260223,7.012506830506027e-05,1
266,-0.004691476467996836,0.00013414706336334348,0.11776405572891235,0.0002411130553809926,1
267,-0.004898485727608204,0.0011060774559155107,0.11834275722503662,0.0001647793542360887,1
268,-0.0051619429141283035,0.002129631582647562,0.11929997056722641,7.012506830506027e-05,1
269,-0.0053396448493003845,-0.00024331588065251708,0.12229867279529572,0.0002411130553809926,1
270,-0.005482867360115051,0.0004291296354494989,0.12269905209541321,0.0001647793542360887,1
271,-0.005665144417434931,0.0011372920125722885,0.12336131930351257,7.012506830506027e-05,1
272,-0.006499171257019043,-0.0005707538221031427,0.12675108015537262,0.0002411130553809926,1
273,-0.00660482794046402,-7.468572584912181e-05,0.12704643607139587,0.0001647793542360887,1
274,-0.006739294622093439,0.00044773088302463293,0.12753500044345856,7.012506830506027e-05,1
275,-0.00833716057240963,-0.0012993055861443281,0.13086941838264465,0.00022511417046189308,1
276,-0.008397779427468777,-0.0009287737775593996,0.13095001876354218,0.0002411130553809926,1
277,-0.008481125347316265,-0.0005374572356231511,0.13118301331996918,0.0001647793542360887,1
278,-0.00858719740062952,-0.0001253560185432434,0.13156840205192566,7.012506830506027e-05,1
279,-0.004053095355629921,-0.0007202198030427098,0.11293961852788925,0.0002854047925211489,1
280,-0.003904546843841672,-0.002109071472659707,0.11323943734169006,0.0002411130553809926,1
281,-0.003816983662545681,-0.003594918642193079,0.11410622298717499,0.0001647793542360887,1
282,-0.0037904055789113045,-0.005177760496735573,0.11553995311260223,7.012506830506027e-05,1
283,-0.004441738128662109,-0.0017134115332737565,0.11776405572891235,0.0002411130553809926,1
284,-0.004383277613669634,-0.0027054217644035816,0.11834275722503662,0.0001647793542360887,1
285,-0.004365533124655485,-0.0037621892988681793,0.11929997056722641,7.012506830506027e-05,1
286,-0.005235476419329643,-0.0008800445357337594,0.1221601814031601,0.00024103728355839849,1
287,-0.005166859365999699,-0.0015215786406770349,0.12229867279529572,0.0002411130553809926,1
288,-0.005126412492245436,-0.00220791669562459,0.12269905209541321,0.0001647793542360887,1
289,-0.005114135332405567,-0.0029390582349151373,0.12336131930351257,7.012506830506027e-05,1
290,-0.006422325503081083,-0.001040473347529769,0.1266489028930664,0.00023104727733880281,1
291,-0.006371706258505583,-0.001513737952336669,0.12675108015537262,0.0002411130553809926,1
292,-0.006341868080198765,-0.002020054729655385,0.12704643607139587,0.0001647793542360887,1
293,-0.006332811433821917,-0.0025594234466552734,0.12753500044345856,7.012506830506027e-05,1
294,-0.008297230117022991,-0.0016726339235901833,0.13095001876354218,0.0002411130553809926,1
295,-0.008273692801594734,-0.0020720348693430424,0.13118301331996918,0.0001647793542360887,1
296,-0.008266548626124859,-0.002497508656233549,0.13156840205192566,7.012506830506027e-05,1
297,-0.00358846178278327,-0.0006574143189936876,0.10831282287836075,0.00043430938967503607,1
298,-0.004540915600955486,-0.0007861593621782959,0.1175638884305954,0.0002580000727903098,1
299,-0.010985039174556732,-0.0016572248423472047,0.13466839492321014,5.3625062719220296e-05,1
edges 299
0,1
1,2
2,3
3,4
4,5
5,6
6,7
7,8
8,9
9,10
10,11
11,12
12,13
13,73
73,14
14,15
15,16
16,17
17,18
18,19
19,20
20,21
21,110
110,22
22,23
23,24
24,25
25,26
26,27
27,28
28,29
29,148
148,30
30,31
31,32
32,33
33,34
34,35
35,36
36,37
55,38
38,39
39,40
41,42
42,43
43,44
62,45
45,46
46,47
48,49
49,50
50,51
69,52
52,53
53,54
55,56
56,57
57,58
41,59
59,60
60,61
62,63
63,64
64,65
48,66
66,67
67,68
69,70
70,71
71,72
73,74
74,55
55,41
41,62
62,48
48,69
69,75
76,77
77,78
78,79
80,81
81,82
82,83
100,84
84,85
85,86
112,87
87,88
88,89
90,91
91,92
92,93
76,94
94,95
95,96
80,97
97,98
98,99
100,101
101,102
102,103
112,104
104,105
105,106
90,107
107,108
108,109
110,111
111,76
76,80
80,100
100,112
112,90
90,113
130,114
114,115
115,116
134,117
117,118
118,119
120,121
121,122
122,123
150,124
124,125
125,126
144,127
127,128
128,129
130,131
131,132
132,133
134,135
135,136
136,137
120,138
138,139
139,140
150,141
141,142
142,143
144,145
145,146
146,147
148,149
149,130
130,134
134,120
120,150
150,144
144,151
168,152
152,153
153,154
185,155
155,156
156,157
186,158
158,159
159,160
187,161
161,162
162,163
164,165
165,166
166,167
168,169
169,170
170,171
185,172
172,173
173,174
186,175
175,176
176,177
187,178
178,179
179,180
164,181
181,182
182,183
73,184
184,168
168,185
185,186
186,187
187,164
164,188
204,189
189,190
190,191
222,192
192,193
193,194
211,195
195,196
196,197
223,198
198,199
199,200
224,201
201,202
202,203
204,205
205,206
206,207
222,208
208,209
209,210
211,212
212,213
213,214
223,215
215,216
216,217
224,218
218,219
219,220
110,221
221,204
204,222
222,211
211,223
223,224
224,225
226,227
227,228
228,229
245,230
230,231
231,232
259,233
233,234
234,235
260,236
236,237
237,238
261,239
239,240
240,241
226,242
242,243
243,244
245,246
246,247
247,248
259,249
249,250
250,251
260,252
252,253
253,254
261,255
255,256
256,257
148,258
258,226
226,245
245,259
259,260
260,261
261,262
279,263
263,264
264,265
298,266
266,267
267,268
286,269
269,270
270,271
290,272
272,273
273,274
275,276
276,277
277,278
279,280
280,281
281,282
298,283
283,284
284,285
286,287
287,288
288,289
290,291
291,292
292,293
275,294
294,295
295,296
37,297
297,279
279,298
298,286
286,290
290,275
275,299
