verts 711
0,-0.00028028315864503384,-1.157401129603386e-05,0.010265037417411804,0.0012499999720603228,0
1,-0.00030486012110486627,-5.099567715660669e-06,0.012778002768754959,0.0012405060697346926,0
2,-0.00032943711266852915,1.3748747278441442e-06,0.015290969051420689,0.001231012400239706,0
3,-0.00039574631955474615,1.78250229510013e-05,0.017803046852350235,0.001220898237079382,0
4,-0.0004721263831015676,3.6682537029264495e-05,0.020314909517765045,0.0012106343638151884,0
5,-0.0005913459463045001,6.407993350876495e-05,0.022824915125966072,0.0011996868997812271,0
6,-0.0007229454349726439,9.394518565386534e-05,0.02533438242971897,0.0011885418789461255,0
7,-0.0009082145988941193,0.00013212124758865684,0.02784028649330139,0.0011764741502702236,0
8,-0.0011113998480141163,0.00017245275375898927,0.030344700440764427,0.0011640811571851373,0
9,-0.0013661393895745277,0.00021819068933837116,0.032844431698322296,0.0011507300660014153,0
10,-0.0016649949830025434,0.00026607458130456507,0.035339005291461945,0.001136489911004901,0
11,-0.0020063912961632013,0.0003149528056383133,0.03782811015844345,0.001121362205594778,0
12,-0.002407571068033576,0.0003629564307630062,0.04030851647257805,0.0011049241293221712,0
13,-0.002890604780986905,0.0004039386985823512,0.04277434200048447,0.0010865284129977226,0
14,-0.004138089716434479,0.0004314316320233047,0.047641023993492126,0.001042163698002696,0
15,-0.005011527333408594,0.00036011659540235996,0.04999464750289917,0.0010122539242729545,0
16,-0.0062872059643268585,0.0003662318631540984,0.052137672901153564,0.0010000000474974513,0
17,-0.008153519593179226,0.0008850098238326609,0.05372115224599838,0.0010000000474974513,0
18,-0.010234452784061432,0.0016804819460958242,0.0548720583319664,0.0010000000474974513,0
19,-0.012408100999891758,0.002632908523082733,0.05569266155362129,0.0010000000474974513,0
20,-0.01461870688945055,0.003666188567876816,0.056286439299583435,0.0010000000474974513,0
21,-0.01684918813407421,0.004752639681100845,0.056679241359233856,0.0010000000474974513,0
22,-0.019538667052984238,0.005900244228541851,0.05682402849197388,0.0009999936446547508,0
23,-0.021327011287212372,0.007011967711150646,0.05677881836891174,0.0010000000474974513,0
24,-0.02351994253695011,0.008130695670843124,0.05633854120969772,0.0010000000474974513,0
25,-0.025461386889219284,0.009194708429276943,0.05514928698539734,0.0010000000474974513,0
26,-0.027070870622992516,0.010171044617891312,0.05350905656814575,0.0010000000474974513,0
27,-0.02855914831161499,0.011113009415566921,0.051721055060625076,0.0010000000474974513,0
28,-0.02981489524245262,0.011978669092059135,0.04972372204065323,0.0010000000474974513,0
29,-0.031051386147737503,0.012837542220950127,0.047712698578834534,0.0010000000474974513,0
30,-0.032132573425769806,0.013641671277582645,0.045591361820697784,0.0010000000474974513,0
31,-0.03321376070380211,0.014445800334215164,0.043470028787851334,0.0010000000474974513,0
32,-0.03419855237007141,0.015214946120977402,0.04129042848944664,0.0010000000474974513,0
33,-0.035158462822437286,0.015975061804056168,0.039095789194107056,0.0010000000474974513,0
34,-0.036092497408390045,0.016725722700357437,0.036887314170598984,0.0010000000474974513,0
35,-0.036961786448955536,0.017452728003263474,0.0346442349255085,0.0010000000474974513,0
36,-0.037831079214811325,0.01817973330616951,0.03240114822983742,0.0010000000474974513,0
37,-0.038650430738925934,0.018888704478740692,0.030133966356515884,0.0010000000474974513,0
38,-0.039446838200092316,0.019589390605688095,0.02785571850836277,0.0010000000474974513,0
39,-0.040236860513687134,0.02028784155845642,0.025574669241905212,0.0010000000474974513,0
40,-0.04096958041191101,0.020966235548257828,0.02326846867799759,0.0010000000474974513,0
41,-0.04239543154835701,0.022309890016913414,0.018640315160155296,0.0010000000474974513,0
42,-0.04306619614362717,0.022967733442783356,0.01630944386124611,0.0010000000474974513,0
43,-0.04370816797018051,0.023616721853613853,0.013968316838145256,0.0010000000474974513,0
44,-0.04430874064564705,0.024252982810139656,0.011612446047365665,0.0010000000474974513,0
45,-0.04485660791397095,0.024874335154891014,0.00924043171107769,0.0009999999310821295,0
46,-0.04533710703253746,0.025476891547441483,0.006849338300526142,0.0010000001639127731,0
47,-0.04559082165360451,0.02599204331636429,0.0044043175876140594,0.000996425631456077,0
48,-0.04573638737201691,0.026381786912679672,0.0019258953398093581,0.0009797585662454367,0
49,-0.04608415067195892,0.026668118312954903,-0.0005461130058392882,0.0009657139307819307,0
50,-0.04650436341762543,0.026918554678559303,-0.0030099237337708473,0.0009525063214823604,0
51,-0.046997636556625366,0.027132928371429443,-0.005464787594974041,0.000940130848903209,0
52,-0.047571778297424316,0.02731035277247429,-0.00790452677756548,0.0009284602710977197,0
53,-0.04884637892246246,0.027611836791038513,-0.012756148353219032,0.0009059184230864048,0
54,-0.04953411966562271,0.027742629870772362,-0.015169646590948105,0.0008948734612204134,0
55,-0.05029282346367836,0.027849294245243073,-0.017563093453645706,0.0008838778594508767,0
56,-0.05106666684150696,0.027951868250966072,-0.01995164528489113,0.0008728218963369727,0
57,-0.05190392583608627,0.02803727611899376,-0.022319626063108444,0.0008615130791440606,0
58,-0.052771929651498795,0.028116418048739433,-0.02467629313468933,0.000849942909553647,0
59,-0.053696926683187485,0.02818392775952816,-0.02701198309659958,0.0008378879865631461,0
60,-0.05468963831663132,0.028241511434316635,-0.029319262132048607,0.0008249894017353654,0
61,-0.055733874440193176,0.02829199843108654,-0.03160417452454567,0.0008114154916256666,0
62,-0.05691913887858391,0.028328044340014458,-0.033819910138845444,0.0007956342305988073,0
63,-0.058284781873226166,0.028350986540317535,-0.03592587262392044,0.0007765832124277949,0
64,-0.06002764031291008,0.028351115062832832,-0.03771667927503586,0.000750000006519258,1
65,-0.003283039666712284,0.00021560299501288682,0.04497779160737991,0.0010329571086913347,0
66,-0.0017061673570424318,-0.0001743882748996839,0.04683529958128929,0.0009999871253967285,0
67,0.00014740932965651155,-0.0005033775814808905,0.04854283109307289,0.0009999871253967285,0
68,0.002202876377850771,-0.0009002869483083487,0.04999077320098877,0.0009999871253967285,0
69,0.004361489322036505,-0.0013267560862004757,0.051271215081214905,0.0009999871253967285,0
70,0.006594855338335037,-0.001768202055245638,0.0524112768471241,0.0009999871253967285,0
71,0.00888995360583067,-0.0022141067311167717,0.05341985449194908,0.0009999871253967285,0
72,0.011244644410908222,-0.002653641626238823,0.05428342521190643,0.0009999871253967285,0
73,0.013670561835169792,-0.0030657288152724504,0.05493424832820892,0.0009999871253967285,0
74,0.01616683602333069,-0.0034169997088611126,0.05524137616157532,0.0009999871253967285,0
75,0.01864738017320633,-0.0038645416498184204,0.054912783205509186,0.0009999871253967285,0
76,0.021034013479948044,-0.0044676256366074085,0.054266344755887985,0.0009999871253967285,0
77,0.023347212001681328,-0.005149816162884235,0.05344969034194946,0.0009999871253967285,0
78,0.025602880865335464,-0.00588122196495533,0.05252176150679588,0.0009999871253967285,0
79,0.027804767712950706,-0.006651830393821001,0.05150064080953598,0.0009999871253967285,0
80,0.02995133586227894,-0.007457213941961527,0.050391968339681625,0.0009999871253967285,0
81,0.03202049806714058,-0.008303365670144558,0.04917250573635101,0.0009999871253967285,0
82,0.03399035334587097,-0.009191971272230148,0.04782672971487045,0.0009999871253967285,0
83,0.03571771830320358,-0.010130568407475948,0.04622087627649307,0.0009999871253967285,0
84,0.03840617835521698,-0.011868763715028763,0.04226606339216232,0.0009999871253967285,0
85,0.0396341010928154,-0.012692322954535484,0.04019254073500633,0.0009999871253967285,0
86,0.04082801938056946,-0.013501162640750408,0.03809335455298424,0.0009999871253967285,0
87,0.04199320822954178,-0.014296863228082657,0.03597297519445419,0.0009999871253967285,0
88,0.043129220604896545,-0.0150779252871871,0.033831484615802765,0.0009999871253967285,0
89,0.04424829035997391,-0.015849851071834564,0.031677838414907455,0.0009999871253967285,0
90,0.04534886032342911,-0.01661156676709652,0.029510967433452606,0.0009999871253967285,0
91,0.0464186891913414,-0.017354734241962433,0.02732239104807377,0.0009999871253967285,0
92,0.04746609926223755,-0.018083423376083374,0.02511829510331154,0.0009999871253967285,0
93,0.04848332703113556,-0.01879202388226986,0.02289365977048874,0.0009999871253967285,0
94,0.0494522787630558,-0.019467158243060112,0.02063734084367752,0.0009999871253967285,0
95,0.05031435564160347,-0.02006525918841362,0.0183182992041111,0.0009999871253967285,0
96,0.05133378133177757,-0.02054283767938614,0.01336626335978508,0.0009999871253967285,0
97,0.05171943083405495,-0.020592864602804184,0.010849223472177982,0.0009999871253967285,0
98,0.052079424262046814,-0.02060653828084469,0.008327905088663101,0.0009999871253967285,0
99,0.0524199977517128,-0.020599303767085075,0.005803893320262432,0.0009999871253967285,0
100,0.05274445563554764,-0.02057887800037861,0.0032778417225927114,0.0009999871253967285,0
101,0.053053468465805054,-0.020548569038510323,0.0007499452331103384,0.0009999871253967285,0
102,0.0533452145755291,-0.02051001600921154,-0.001779917161911726,0.0009999871253967285,0
103,0.05361032858490944,-0.02046453207731247,-0.004312588833272457,0.0009999871253967285,0
104,0.053849466145038605,-0.020416218787431717,-0.006847740150988102,0.0009999871253967285,0
105,0.054051123559474945,-0.020367000252008438,-0.00938605610281229,0.0009999871253967285,0
106,0.054188571870326996,-0.020321201533079147,-0.011928516440093517,0.0009999871253967285,0
107,-0.019515085965394974,0.0043870434165000916,0.054851189255714417,0.0009999871253967285,0
108,-0.019031411036849022,0.003174174576997757,0.05268193781375885,0.0009999871253967285,0
109,-0.01854752004146576,0.0021127064246684313,0.05043347552418709,0.0009999871253967285,0
110,-0.01806461438536644,0.0011184833711013198,0.04815484210848808,0.0009999871253967285,0
111,-0.017582174390554428,0.00015622584032826126,0.0458618625998497,0.0009999871253967285,0
112,-0.01710127480328083,-0.000748664082493633,0.043545398861169815,0.0009999871253967285,0
113,-0.016620514914393425,-0.0016483139479532838,0.041226793080568314,0.0009999871253967285,0
114,-0.016141444444656372,-0.0025058751925826073,0.038891956210136414,0.0009999871253967285,0
115,-0.015662426128983498,-0.0033620644826442003,0.03655659407377243,0.0009999871253967285,0
116,-0.015185141935944557,-0.00418831454589963,0.03421013802289963,0.0009999871253967285,0
117,-0.014708001166582108,-0.005012067966163158,0.03186275437474251,0.0009999871253967285,0
118,-0.014232766814529896,-0.0058133564889431,0.029507240280508995,0.0009999871253967285,0
119,-0.013757818378508091,-0.006611272692680359,0.027150508016347885,0.0009999871253967285,0
120,-0.013285412453114986,-0.007389322854578495,0.02478663995862007,0.0009999871253967285,0
121,-0.012813703157007694,-0.008163056336343288,0.022421222180128098,0.0009999871253967285,0
122,-0.012345738708972931,-0.00891783181577921,0.020048929378390312,0.0009999871253967285,0
123,-0.011881847865879536,-0.00965922512114048,0.017671657726168633,0.0009999871253967285,0
124,-0.011427692137658596,-0.010375285521149635,0.015284830704331398,0.0009999871253967285,0
125,-0.01115485094487667,-0.0108902957290411,0.012827368453145027,0.0007163273403421044,1
126,-0.011087913066148758,-0.011198248714208603,0.010315407067537308,0.0009999871253967285,0
127,-0.011064290069043636,-0.011463274247944355,0.007796491030603647,0.0009999871253967285,0
128,-0.01107793115079403,-0.011689554899930954,0.0052735875360667706,0.0009999871253967285,0
129,-0.011093415319919586,-0.01191368605941534,0.0027505166362971067,0.0009999871253967285,0
130,-0.011128519661724567,-0.012114949524402618,0.00022569869179278612,0.0009999871253967285,0
131,-0.011163623072206974,-0.012316212058067322,-0.0022991192527115345,0.0009999871253967285,0
132,-0.011204786598682404,-0.012508615851402283,-0.004824511706829071,0.0009999871253967285,0
133,-0.01125066913664341,-0.012694123201072216,-0.0073503656312823296,0.0009999871253967285,0
134,-0.011296549811959267,-0.01287963055074215,-0.009876219555735588,0.0009999871253967285,0
135,-0.011345955543220043,-0.013056514784693718,-0.012402620166540146,0.0009999871253967285,0
136,-0.011396459303796291,-0.013230711221694946,-0.014929182827472687,0.0009999871253967285,0
137,-0.011446962133049965,-0.013404909521341324,-0.017455752938985825,0.0009999871253967285,0
138,-0.011497456580400467,-0.013571626506745815,-0.019982825964689255,0.0009925520280376077,1
139,-0.011547948233783245,-0.01373674813657999,-0.02251000516116619,0.0009999871253967285,0
140,-0.011598440818488598,-0.013901869766414165,-0.025037184357643127,0.0009999871253967285,0
141,-0.011644823476672173,-0.014059746637940407,-0.027564898133277893,0.0009999871253967285,0
142,-0.011690670624375343,-0.014216681942343712,-0.03009268268942833,0.0009999871253967285,0
143,-0.011735621839761734,-0.014372913166880608,-0.03262052685022354,0.0009999871253967285,0
144,-0.011770680546760559,-0.014521362259984016,-0.03514900431036949,0.0009999871253967285,0
145,-0.011805739253759384,-0.014669811353087425,-0.037677470594644547,0.0009999871253967285,0
146,-0.01182886678725481,-0.014812378212809563,-0.04020639508962631,0.0009999871253967285,0
147,-0.01184247899800539,-0.014950252138078213,-0.04273567721247673,0.0009999871253967285,0
148,-0.011835664510726929,-0.01508055068552494,-0.04526526480913162,0.0009999871253967285,0
149,-0.011803077533841133,-0.015201290138065815,-0.04779524728655815,0.0009999871253967285,0
150,-0.011648457497358322,-0.015283181332051754,-0.05032180994749069,0.0009999871253967285,1
151,-0.03619895875453949,0.033925123512744904,0.020621325820684433,0.00033974350662902,1
152,-0.03449664264917374,0.03481065854430199,0.022107621654868126,0.00023218450951389968,1
153,-0.03227342665195465,0.03631129488348961,0.023472804576158524,9.881064761430025e-05,1
154,-0.03343598544597626,0.038676850497722626,0.01704084873199463,0.0003635440953075886,1
155,-0.03264722228050232,0.03885740414261818,0.01811402104794979,0.00033974350662902,1
156,-0.03151068836450577,0.03944862633943558,0.019106334075331688,0.00023218450951389968,1
157,-0.030026378110051155,0.04045050963759422,0.02001778595149517,9.881064761430025e-05,1
158,-0.028658805415034294,0.04351535812020302,0.015644418075680733,0.00033974350662902,1
159,-0.02787257544696331,0.043924350291490555,0.01633087918162346,0.00023218450951389968,1
160,-0.026845762506127357,0.0446174331009388,0.01696140132844448,9.881064761430025e-05,1
161,-0.024396631866693497,0.04798626899719238,0.013209840282797813,0.00033974350662902,1
162,-0.02381659299135208,0.048288002610206604,0.013716273009777069,0.00023218450951389968,1
163,-0.023059066385030746,0.04879932105541229,0.014181437902152538,9.881064761430025e-05,1
164,-0.019963139668107033,0.05232265964150429,0.010788090527057648,0.00033974350662902,1
165,-0.019505580887198448,0.052560679614543915,0.011187586933374405,0.00023218450951389968,1
166,-0.01890801079571247,0.05296402797102928,0.011554528027772903,9.881064761430025e-05,1
167,-0.038073278963565826,0.03403860703110695,0.01716320402920246,0.00033974350662902,1
168,-0.03836334869265556,0.03504478186368942,0.014973543584346771,0.00023218450951389968,1
169,-0.03825058788061142,0.03667319938540459,0.0124449348077178,9.881064761430025e-05,1
170,-0.033898595720529556,0.038933172821998596,0.015805236995220184,0.00033974350662902,1
171,-0.0340922586619854,0.03960493206977844,0.014343330636620522,0.00023218450951389968,1
172,-0.03401697799563408,0.04069213196635246,0.01265512965619564,9.881064761430025e-05,1
173,-0.02920445427298546,0.04339045286178589,0.014902021735906601,0.000339633843395859,1
174,-0.029524479061365128,0.04356777295470238,0.014047253876924515,0.00033974350662902,1
175,-0.029658449813723564,0.04403248429298401,0.013035939075052738,0.00023218450951389968,1
176,-0.029606370255351067,0.044784583151340485,0.011868078261613846,9.881064761430025e-05,1
177,-0.024799181148409843,0.04789412021636963,0.012662140652537346,0.0003255601041018963,1
178,-0.025035277009010315,0.04802493751049042,0.012031539343297482,0.00033974350662902,1
179,-0.025134114548563957,0.04836777597665787,0.011285446584224701,0.00023218450951389968,1
180,-0.02509569376707077,0.04892263188958168,0.010423862375319004,9.881064761430025e-05,1
181,-0.02046692930161953,0.052353162318468094,0.00985859613865614,0.00033974350662902,1
182,-0.02054489776492119,0.05262360721826553,0.009270045906305313,0.00023218450951389968,1
183,-0.020514588803052902,0.05306130275130272,0.008590391837060452,9.881064761430025e-05,1
184,-0.04067431762814522,0.02807985246181488,0.02061629667878151,0.0006120455800555646,1
185,-0.03738037869334221,0.03365468233823776,0.019013915210962296,0.00040216161869466305,1
186,-0.020280689001083374,0.0522499680519104,0.010356041602790356,0.0003172002616338432,1
187,-0.015683243051171303,0.05649729073047638,0.008003586903214455,7.556109630968422e-05,1
188,-0.04981188103556633,0.037289030849933624,-0.01238451711833477,0.0003163228393532336,1
189,-0.049281395971775055,0.03798247128725052,-0.011063537560403347,0.0002672274422366172,1
190,-0.04863141477108002,0.03929786756634712,-0.009842089377343655,0.0001826262305257842,1
191,-0.04786193370819092,0.041235215961933136,-0.008720174431800842,7.772015669615939e-05,1
192,-0.04859311133623123,0.0426836721599102,-0.013105436228215694,0.0002672274422366172,1
193,-0.048159159719944,0.04356188699603081,-0.01228994783014059,0.0001826262305257842,1
194,-0.04764541983604431,0.04485534131526947,-0.01154091116040945,7.772015669615939e-05,1
195,-0.04750625416636467,0.047375038266181946,-0.015066971071064472,0.0002672274422366172,1
196,-0.047206055372953415,0.04798256605863571,-0.014502834528684616,0.0001826262305257842,1
197,-0.04685066267848015,0.048877350986003876,-0.013984667137265205,7.772015669615939e-05,1
198,-0.046164706349372864,0.05205029994249344,-0.01696818880736828,0.0002672274422366172,1
199,-0.045943234115839005,0.05249850079417229,-0.016551999375224113,0.0001826262305257842,1
200,-0.04568104445934296,0.05315862223505974,-0.016169723123311996,7.772015669615939e-05,1
201,-0.044655974954366684,0.05670345947146416,-0.01883752830326557,0.0002672274422366172,1
202,-0.044481270015239716,0.05705701932311058,-0.018509220331907272,0.0001826262305257842,1
203,-0.04427444189786911,0.05757775157690048,-0.018207665532827377,7.772015669615939e-05,1
204,-0.0502481684088707,0.0372283048927784,-0.01390544418245554,0.0002672274422366172,1
205,-0.05062586069107056,0.037742022424936295,-0.015704920515418053,0.0001826262305257842,1
206,-0.05094494670629501,0.038830194622278214,-0.017782947048544884,7.772015669615939e-05,1
207,-0.04923857003450394,0.04218016192317009,-0.015002809464931488,0.0002672274422366172,1
208,-0.049490731209516525,0.04252314195036888,-0.016204213723540306,0.0001826262305257842,1
209,-0.04970376566052437,0.043249648064374924,-0.01759158819913864,7.772015669615939e-05,1
210,-0.04775126278400421,0.04705476760864258,-0.01567707769572735,0.0002671412075869739,1
211,-0.047952767461538315,0.04702671989798546,-0.01637953147292137,0.0002672274422366172,1
212,-0.04812720790505409,0.047263987362384796,-0.017210636287927628,0.0001826262305257842,1
213,-0.048274580389261246,0.04776656627655029,-0.018170392140746117,7.772015669615939e-05,1
214,-0.04649411886930466,0.051793329417705536,-0.017936524003744125,0.0002672274422366172,1
215,-0.046622809022665024,0.051968369632959366,-0.018549667671322823,0.0001826262305257842,1
216,-0.04673153534531593,0.05233914777636528,-0.019257722422480583,7.772015669615939e-05,1
217,-0.044915828853845596,0.05650074779987335,-0.01960139349102974,0.0002672274422366172,1
218,-0.04501734673976898,0.05663882941007614,-0.020085066556930542,0.0001826262305257842,1
219,-0.04510311409831047,0.05693131312727928,-0.02064361236989498,7.772015669615939e-05,1
220,-0.049983978271484375,0.03223532438278198,-0.010984850116074085,0.00048140838043764234,1
221,-0.0489472858607769,0.04222070425748825,-0.013987376354634762,0.0002859479282051325,1
222,-0.046345457434654236,0.05181401968002319,-0.01741829141974449,0.0002560713910497725,1
223,-0.04479856416583061,0.05651707574725151,-0.019192591309547424,0.00024949590442702174,1
224,-0.043151095509529114,0.06117723882198334,-0.020989716053009033,5.9433070418890566e-05,1
225,0.03383024409413338,-0.024269577115774155,0.04512663558125496,0.00034513892023824155,1
226,0.03199015185236931,-0.02526814676821232,0.04642919450998306,0.00023587180476170033,1
227,0.02976735308766365,-0.026993274688720703,0.04762560874223709,0.00010037984611699358,1
228,0.032676443457603455,-0.03000829741358757,0.0419413261115551,0.00036931748036295176,1
229,0.03170343488454819,-0.03018989972770214,0.04288183152675629,0.00034513892023824155,1
230,0.030474914237856865,-0.030856585130095482,0.04375147074460983,0.00023587180476170033,1
231,0.028990883380174637,-0.032008349895477295,0.044550247490406036,0.00010037984611699358,1
232,0.029095740988850594,-0.03592030331492424,0.04054420068860054,0.00034513892023824155,1
233,0.028245877474546432,-0.03638150170445442,0.041145797818899155,0.00023587180476170033,1
234,0.027219258248806,-0.037178266793489456,0.04169837385416031,0.00010037984611699358,1
235,0.026181668043136597,-0.04151516035199165,0.038156893104314804,0.00034513892023824155,1
236,0.025554684922099113,-0.04185540974140167,0.03860072046518326,0.00023587180476170033,1
237,0.02479730173945427,-0.04244321957230568,0.039008378982543945,0.00010037984611699358,1
238,0.023074930533766747,-0.047009266912937164,0.03572644665837288,0.00034513892023824155,1
239,0.022580338642001152,-0.04727766662836075,0.03607655689120293,0.00023587180476170033,1
240,0.021982882171869278,-0.0477413572371006,0.036398135125637054,0.00010037984611699358,1
241,0.03528762608766556,-0.02399756759405136,0.04371793568134308,0.000408548308769241,1
242,0.03642671927809715,-0.024501768872141838,0.042096011340618134,0.00034513892023824155,1
243,0.03734666109085083,-0.025747155770659447,0.04017703980207443,0.00023587180476170033,1
244,0.03804745525121689,-0.027733728289604187,0.037961021065711975,0.00010037984611699358,1
245,0.03343695029616356,-0.030344920232892036,0.04085846245288849,0.00034513892023824155,1
246,0.034051138907670975,-0.03117639198899269,0.03957727923989296,0.00023587180476170033,1
247,0.0345190167427063,-0.032502710819244385,0.03809777647256851,0.00010037984611699358,1
248,0.029768846929073334,-0.03579467162489891,0.03989357873797417,0.00034502753987908363,1
249,0.03029494732618332,-0.03602754324674606,0.03914447873830795,0.00034513892023824155,1
250,0.030719831585884094,-0.03660273551940918,0.038258183747529984,0.00023587180476170033,1
251,0.03104349970817566,-0.03752025216817856,0.03723469376564026,0.00010037984611699358,1
252,0.02667824923992157,-0.04142247885465622,0.03767690062522888,0.0003307302831672132,1
253,0.02706637792289257,-0.04159427806735039,0.03712425380945206,0.00034513892023824155,1
254,0.027379833161830902,-0.042018625885248184,0.03647039458155632,0.00023587180476170033,1
255,0.027618618682026863,-0.04269551858305931,0.03571532294154167,0.00010037984611699358,1
256,0.0237728264182806,-0.0470716767013073,0.034911856055259705,0.00034513892023824155,1
257,0.02402009442448616,-0.04740642011165619,0.03439606353640556,0.00023587180476170033,1
258,0.02420845814049244,-0.04794038087129593,0.033800430595874786,0.00010037984611699358,1
259,0.03725045174360275,-0.017622264102101326,0.044911134988069534,0.0006217653863132,1
260,0.023466654121875763,-0.04693615436553955,0.03534780815243721,0.0003222376690246165,1
261,0.020169824361801147,-0.05236487835645676,0.032939180731773376,7.67610763432458e-05,1
262,0.04964113608002663,-0.032656408846378326,0.014868246391415596,0.00031144070089794695,1
263,0.0486379936337471,-0.03402642160654068,0.016306042671203613,0.00021284204558469355,1
264,0.04734602943062782,-0.036075495183467865,0.017626678571105003,9.057908755494282e-05,1
265,0.04812541604042053,-0.03735357150435448,0.011433010920882225,0.00033325853291898966,1
266,0.047648508101701736,-0.037814877927303314,0.01247116457670927,0.00031144070089794695,1
267,0.04697876796126366,-0.038729552179574966,0.013431096449494362,0.00021284204558469355,1
268,0.04611619934439659,-0.04009759798645973,0.0143128065392375,9.057908755494282e-05,1
269,0.04520726203918457,-0.04286884889006615,0.010185891762375832,0.00031144070089794695,1
270,0.04474395141005516,-0.0435016043484211,0.010849951766431332,0.00021284204558469355,1
271,0.044147245585918427,-0.04444798454642296,0.011459899134933949,9.057908755494282e-05,1
272,0.04248206317424774,-0.047845032066106796,0.007982608862221241,0.00031144070089794695,1
273,0.042140260338783264,-0.04831184074282646,0.00847251620143652,0.00021284204558469355,1
274,0.04170004278421402,-0.049010030925273895,0.008922502398490906,9.057908755494282e-05,1
275,0.03957290202379227,-0.05275684595108032,0.005824283231049776,0.00031144070089794695,1
276,0.03930327296257019,-0.053125087171792984,0.006210742983967066,0.00021284204558469355,1
277,0.03895600885152817,-0.05367584899067879,0.006565710995346308,9.057908755494282e-05,1
278,0.05080297961831093,-0.03196987882256508,0.01152296643704176,0.00031144070089794695,1
279,0.05103486776351929,-0.03261011093854904,0.009404757991433144,0.00021284204558469355,1
280,0.05105111747980118,-0.03388616070151329,0.006958661135286093,9.057908755494282e-05,1
281,0.04842419922351837,-0.03735652193427086,0.010237719863653183,0.00031144070089794695,1
282,0.04857901856303215,-0.037783969193696976,0.0088235167786479,0.00021284204558469355,1
283,0.04858986660838127,-0.03863590955734253,0.00719040259718895,9.057908755494282e-05,1
284,0.04574386775493622,-0.04255177080631256,0.008640843443572521,0.00031144070089794695,1
285,0.045850969851017,-0.042847469449043274,0.007662529591470957,0.00021284204558469355,1
286,0.0458584725856781,-0.043436821550130844,0.006532777100801468,9.057908755494282e-05,1
287,0.04272545501589775,-0.0476096048951149,0.0074527813121676445,0.00029843885567970574,1
288,0.04287794232368469,-0.04761110618710518,0.006842757109552622,0.00031144070089794695,1
289,0.04295695573091507,-0.04782925546169281,0.006121010519564152,0.00021284204558469355,1
290,0.042962491512298584,-0.048264048993587494,0.00528754061087966,9.057908755494282e-05,1
291,0.039764903485774994,-0.0525711290538311,0.005406332667917013,0.0002907754387706518,1
292,0.03988518938422203,-0.05257231742143631,0.004925118759274483,0.00031144070089794695,1
293,0.0399475172162056,-0.05274440348148346,0.004355774261057377,0.00021284204558469355,1
294,0.03995188698172569,-0.05308738723397255,0.00369829754345119,9.057908755494282e-05,1
295,0.05090842396020889,-0.02042282372713089,0.015874162316322327,0.0009016679832711816,1
296,0.05181656777858734,-0.02626930922269821,0.014989732764661312,0.0005610582302324474,1
297,0.0503554493188858,-0.0319654643535614,0.013313287869095802,0.0003686589770950377,1
298,0.04553717374801636,-0.042549729347229004,0.009467720054090023,0.0003113401762675494,1
299,0.03669896721839905,-0.05745934695005417,0.003338330425322056,6.926637433934957e-05,1
300,-0.01760176196694374,-0.01513536274433136,0.010817754082381725,0.00024843585561029613,1
301,-0.01824178732931614,-0.015137587673962116,0.011884016916155815,0.0002098769909935072,1
302,-0.01936529576778412,-0.015255218371748924,0.01286994107067585,0.00014343229122459888,1
303,-0.02097228728234768,-0.015488254837691784,0.01377552468329668,6.104040949139744e-05,1
304,-0.02185354009270668,-0.016023674979805946,0.010250948369503021,0.0002098769909935072,1
305,-0.02260364033281803,-0.01610220968723297,0.010909191332757473,0.00014343229122459888,1
306,-0.02367653325200081,-0.016257794573903084,0.011513795703649521,6.104040949139744e-05,1
307,-0.02559095248579979,-0.016635477542877197,0.008722803555428982,0.0002098769909935072,1
308,-0.026109855622053146,-0.016689805313944817,0.00917816162109375,0.00014343229122459888,1
309,-0.026852060109376907,-0.01679743453860283,0.009596413932740688,6.104040949139744e-05,1
310,-0.029401501640677452,-0.01706964708864689,0.007268926128745079,0.0002098769909935072,1
311,-0.029784319922327995,-0.01710972748696804,0.007604864425957203,0.00014343229122459888,1
312,-0.030331876128911972,-0.017189130187034607,0.007913428358733654,6.104040949139744e-05,1
313,-0.033252060413360596,-0.017382508143782616,0.005858083721250296,0.0002098769909935072,1
314,-0.033554043620824814,-0.017414124682545662,0.006123085971921682,0.00014343229122459888,1
315,-0.03398597985506058,-0.017476761713624,0.006366494111716747,6.104040949139744e-05,1
316,-0.017446618527173996,-0.015259256586432457,0.009590096771717072,0.0002098769909935072,1
317,-0.017724867910146713,-0.015506219118833542,0.008137602359056473,0.00014343229122459888,1
318,-0.018436510115861893,-0.015876252204179764,0.006460268050432205,6.104040949139744e-05,1
319,-0.021426230669021606,-0.01602219045162201,0.009539066813886166,0.00022457982413470745,1
320,-0.021322650834918022,-0.016104906797409058,0.008719433099031448,0.0002098769909935072,1
321,-0.02150842174887657,-0.016269788146018982,0.007749688345938921,0.00014343229122459888,1
322,-0.021983543410897255,-0.01651683822274208,0.006629832088947296,6.104040949139744e-05,1
323,-0.02522369660437107,-0.016691669821739197,0.0076633356511592865,0.0002098769909935072,1
324,-0.02535220980644226,-0.016805732622742653,0.006992487236857414,0.00014343229122459888,1
325,-0.025680886581540108,-0.01697663590312004,0.006217794958502054,6.104040949139744e-05,1
326,-0.02918342314660549,-0.01706888899207115,0.006905613467097282,0.00020111518097110093,1
327,-0.029130559414625168,-0.017111103981733322,0.006487308535724878,0.0002098769909935072,1
328,-0.029225368052721024,-0.01719525270164013,0.005992393475025892,0.00014343229122459888,1
329,-0.02946784906089306,-0.017321335151791573,0.005420867819339037,6.104040949139744e-05,1
330,-0.03308003395795822,-0.017381910234689713,0.005571487359702587,0.00019595085177570581,1
331,-0.03303832933306694,-0.017415210604667664,0.00524150999262929,0.0002098769909935072,1
332,-0.03311311826109886,-0.017481591552495956,0.004851100035011768,0.00014343229122459888,1
333,-0.033304400742053986,-0.017581051215529442,0.004400256089866161,6.104040949139744e-05,1
334,-0.013929150998592377,-0.01370016299188137,0.012014712207019329,0.0003780919359996915,1
335,-0.025295352563261986,-0.016634449362754822,0.008230339735746384,0.00020980925182811916,1
336,-0.036980703473091125,-0.017607519403100014,0.004231316037476063,4.667796747526154e-05,1
337,-0.025683222338557243,-0.013910477980971336,-0.02186007983982563,0.0003612437576521188,1
338,-0.027498088777065277,-0.013235771097242832,-0.020153801888227463,0.000246878043981269,1
339,-0.030134057626128197,-0.012321158312261105,-0.01858656480908394,0.00010506375838303939,1
340,-0.03114461712539196,-0.01234887819737196,-0.02590806409716606,0.0003865505277644843,1
341,-0.031808093190193176,-0.012058586813509464,-0.02467605285346508,0.0003612437576521188,1
342,-0.0330197736620903,-0.01160812471061945,-0.02353687211871147,0.000246878043981269,1
343,-0.03477965295314789,-0.01099749282002449,-0.022490520030260086,0.00010506375838303939,1
344,-0.037435755133628845,-0.009900357574224472,-0.028135454282164574,0.0003611271677073091,1
345,-0.037894733250141144,-0.00969954114407301,-0.02728317491710186,0.0003612437576521188,1
346,-0.038732945919036865,-0.009387921541929245,-0.02649511583149433,0.000246878043981269,1
347,-0.03995039314031601,-0.008965499699115753,-0.02577127143740654,0.00010506375838303939,1
348,-0.043944403529167175,-0.0070195612497627735,-0.029744362458586693,0.0003612437576521188,1
349,-0.04456279054284096,-0.0067896656692028046,-0.029162975028157234,0.000246878043981269,1
350,-0.045460958033800125,-0.0064780255779623985,-0.028628962114453316,0.00010506375838303939,1
351,-0.049953676760196686,-0.0041280281729996204,-0.03211929276585579,0.0003612437576521188,1
352,-0.05044148489832878,-0.003946676850318909,-0.031660668551921844,0.000246878043981269,1
353,-0.05114999786019325,-0.003700841683894396,-0.03123941831290722,0.00010506375838303939,1
354,-0.024689458310604095,-0.014345278963446617,-0.02370539866387844,0.00042761192889884114,1
355,-0.024525605142116547,-0.014547554776072502,-0.02583002671599388,0.0003612437576521188,1
356,-0.02510993368923664,-0.014550055377185345,-0.028343770653009415,0.000246878043981269,1
357,-0.02644244395196438,-0.01435278169810772,-0.031246628612279892,0.00010506375838303939,1
358,-0.031035222113132477,-0.012483925558626652,-0.02732655219733715,0.0003612437576521188,1
359,-0.031425341963768005,-0.012485595420002937,-0.02900482900440693,0.000246878043981269,1
360,-0.032314982265233994,-0.012353886850178242,-0.030942896381020546,0.00010506375838303939,1
361,-0.03736007958650589,-0.0099937804043293,-0.029116731137037277,0.0003612437576521188,1
362,-0.037629954516887665,-0.009994936175644398,-0.03027772717177868,0.000246878043981269,1
363,-0.03824538737535477,-0.009903823025524616,-0.03161843866109848,0.00010506375838303939,1
364,-0.04360579699277878,-0.00716771325096488,-0.03037312626838684,0.00034616279299370944,1
365,-0.04354996234178543,-0.007236635312438011,-0.031097060069441795,0.0003612437576521188,1
366,-0.043749064207077026,-0.007237487472593784,-0.03195358067750931,0.000246878043981269,1
367,-0.04420309513807297,-0.007170269265770912,-0.03294268250465393,0.00010506375838303939,1
368,-0.04964252561330795,-0.004299265798181295,-0.03318636119365692,0.0003612437576521188,1
369,-0.04979958385229111,-0.0042999377474188805,-0.03386201709508896,0.000246878043981269,1
370,-0.05015774443745613,-0.0042469133622944355,-0.03464226797223091,0.00010506375838303939,1
371,-0.018000321462750435,-0.01538410410284996,-0.021588170900940895,0.0006507781217806041,1
372,-0.04968656599521637,-0.004244896583259106,-0.032615289092063904,0.0003372738719917834,1
373,-0.055699966847896576,-0.0011869892477989197,-0.03485948219895363,8.034289203351364e-05,1
374,-0.053524911403656006,0.016833599656820297,0.019013915210962296,0.00040216161869466305,1
375,-0.05393694341182709,0.017510168254375458,0.017163202166557312,0.00033974350662902,1
376,-0.0549541711807251,0.01775871217250824,0.014973541721701622,0.00023218450951389968,1
377,-0.05657659098505974,0.01757923513650894,0.012444933876395226,9.881064761430025e-05,1
378,-0.058381013572216034,0.012686481699347496,0.01704084873199463,0.0003635440953075886,1
379,-0.058656103909015656,0.013138186186552048,0.015805236995220184,0.00033974350662902,1
380,-0.059335242956876755,0.013304125517606735,0.014343329705297947,0.00023218450951389968,1
381,-0.06041843816637993,0.013184298761188984,0.012655127793550491,9.881064761430025e-05,1
382,-0.06291703879833221,0.0082651162520051,0.014902020804584026,0.000339633843395859,1
383,-0.06310734152793884,0.008577595464885235,0.014047252014279366,0.00033974350662902,1
384,-0.06357715278863907,0.00869238842278719,0.013035937212407589,0.00023218450951389968,1
385,-0.06432648748159409,0.008609495125710964,0.011868076398968697,9.881064761430025e-05,1
386,-0.06737656146287918,0.0039093103259801865,0.012031538411974907,0.00033974350662902,1
387,-0.06772316992282867,0.003993998281657696,0.011285445652902126,0.00023218450951389968,1
388,-0.06827598065137863,0.003932843916118145,0.01042386144399643,9.881064761430025e-05,1
389,-0.07140296697616577,-0.0010146237909793854,0.010356040671467781,0.0003172002616338432,1
390,-0.07151371240615845,-0.0008327717077918351,0.009858595207333565,0.00033974350662902,1
391,-0.07178713381290436,-0.0007659661932848394,0.009270044974982738,0.00023218450951389968,1
392,-0.07222321629524231,-0.0008142073638737202,0.008590390905737877,9.881064761430025e-05,1
393,-0.053746651858091354,0.015642082318663597,0.020621323958039284,0.00033974350662902,1
394,-0.05456160008907318,0.013904867693781853,0.022107619792222977,0.00023218450951389968,1
395,-0.055969756096601486,0.01162195485085249,0.023472804576158524,9.881064761430025e-05,1
396,-0.05852905660867691,0.011890975758433342,0.01811401918530464,0.00033974350662902,1
397,-0.05907315015792847,0.010731140151619911,0.01910633221268654,0.00023218450951389968,1
398,-0.0600132942199707,0.009206974878907204,0.02001778408885002,9.881064761430025e-05,1
399,-0.06301945447921753,0.007714803330600262,0.015644416213035583,0.00033974350662902,1
400,-0.06339584290981293,0.006912454031407833,0.01633087731897831,0.00023218450951389968,1
401,-0.064046211540699,0.005858070217072964,0.01696139946579933,9.881064761430025e-05,1
402,-0.06731172651052475,0.003272789064794779,0.013209840282797813,0.00033974350662902,1
403,-0.0675894021987915,0.002680859761312604,0.013716273009777069,0.00023218450951389968,1
404,-0.0680692121386528,0.001902992487885058,0.014181437902152538,9.881064761430025e-05,1
405,-0.07146256417036057,-0.0013348868815228343,0.010788089595735073,0.00033974350662902,1
406,-0.07168161123991013,-0.001801825943402946,0.01118758600205183,0.00023218450951389968,1
407,-0.07206010818481445,-0.0024154409766197205,0.011554528027772903,9.881064761430025e-05,1
408,-0.04170229285955429,0.021644627675414085,0.020962275564670563,0.000953321170527488,1
409,-0.04808992147445679,0.020353492349386215,0.02061629667878151,0.0006120455800555646,1
410,-0.06723617017269135,0.003678780049085617,0.012662140652537346,0.0003255601041018963,1
411,-0.0754580870270729,-0.005782458931207657,0.008003585040569305,7.556109630968422e-05,1
412,-0.05439592897891998,0.01969255693256855,-0.01390544418245554,0.0002672274422366172,1
413,-0.054963741451501846,0.019402477890253067,-0.015704920515418053,0.00018262621597386897,1
414,-0.055736519396305084,0.018572568893432617,-0.017782945185899734,7.772014942020178e-05,1
415,-0.05546948313713074,0.014646383933722973,-0.013987375423312187,0.00028594789910130203,1
416,-0.055711742490530014,0.014813126996159554,-0.015002808533608913,0.0002672274422366172,1
417,-0.056090839207172394,0.014619458466768265,-0.016204211860895157,0.00018262621597386897,1
418,-0.056606777012348175,0.014065377414226532,-0.01759158819913864,7.772014942020178e-05,1
419,-0.05656586214900017,0.009788751602172852,-0.0156770758330822,0.000267141149379313,1
420,-0.05673344433307648,0.009904101490974426,-0.016379529610276222,0.0002672274422366172,1
421,-0.0569956973195076,0.009770125150680542,-0.01721063442528248,0.00018262621597386897,1
422,-0.05735260993242264,0.009386824443936348,-0.018170390278100967,7.772014942020178e-05,1
423,-0.05756480246782303,0.004989119246602058,-0.017936522141098976,0.0002672274422366172,1
424,-0.05775827541947365,0.004890278913080692,-0.018549665808677673,0.00018262621597386897,1
425,-0.05802158638834953,0.00460750050842762,-0.019257720559835434,7.772014942020178e-05,1
426,-0.05826267600059509,7.344934419961646e-05,-0.01960139162838459,0.0002672274422366172,1
427,-0.05841529369354248,-4.519883077591658e-06,-0.020085064694285393,0.00018262621597386897,1
428,-0.05862300470471382,-0.00022758770501241088,-0.020643610507249832,7.772014942020178e-05,1
429,-0.05386946722865105,0.018585192039608955,-0.011063537560403347,0.0002672274422366172,1
430,-0.053877659142017365,0.017117993906140327,-0.009842089377343655,0.00018262621597386897,1
431,-0.05405764654278755,0.015041209757328033,-0.008720172569155693,7.772014942020178e-05,1
432,-0.055360257625579834,0.014073805883526802,-0.01310543529689312,0.0002672274422366172,1
433,-0.055365726351737976,0.01309424452483654,-0.012289946898818016,0.00018262621597386897,1
434,-0.05548589304089546,0.011707698926329613,-0.011540909297764301,7.772014942020178e-05,1
435,-0.05649029463529587,0.00939265452325344,-0.015066969208419323,0.0002672274422366172,1
436,-0.056494079530239105,0.008715014904737473,-0.014502831734716892,0.00018262621597386897,1
437,-0.05657720938324928,0.007755833677947521,-0.013984664343297482,7.772014942020178e-05,1
438,-0.057441167533397675,0.004904020577669144,-0.01741829141974449,0.00025607136194594204,1
439,-0.05738541856408119,0.0046118018217384815,-0.01696818694472313,0.0002672274422366172,1
440,-0.05738820880651474,0.0041118767112493515,-0.016551995649933815,0.00018262621597386897,1
441,-0.05744953826069832,0.0034042447805404663,-0.016169721260666847,7.772014942020178e-05,1
442,-0.05816514417529106,6.319954991340637e-06,-0.019192587584257126,0.0002494958753231913,1
443,-0.05812116712331772,-0.00022419463493861258,-0.018837526440620422,0.0002672274422366172,1
444,-0.05812336876988411,-0.0006185570964589715,-0.018509218469262123,0.00018262621597386897,1
445,-0.058171749114990234,-0.0011767672840505838,-0.018207663670182228,7.772014942020178e-05,1
446,-0.048167746514081955,0.0274778064340353,-0.010340183041989803,0.0007933153538033366,1
447,-0.051922883838415146,0.02403808943927288,-0.010984850116074085,0.0004814083513338119,1
448,-0.054033078253269196,0.019442806020379066,-0.01238451711833477,0.00031632278114557266,1
449,-0.0587800070643425,-0.004898089915513992,-0.020989716053009033,5.943306678091176e-05,1
450,0.048324599862098694,-0.004222971387207508,0.04371793568134308,0.000408548308769241,1
451,0.049236882477998734,-0.005071199033409357,0.042096011340618134,0.00034513892023824155,1
452,0.05074401572346687,-0.005425931885838509,0.04017703980207443,0.00023587180476170033,1
453,0.05284599959850311,-0.005287168547511101,0.037961024791002274,0.00010037984611699358,1
454,0.052819959819316864,0.0005455635255202651,0.0419413261115551,0.00036931748036295176,1
455,0.05342903733253479,-2.0748295355588198e-05,0.04085846245288849,0.00034513892023824155,1
456,0.054435260593891144,-0.00025758222909644246,0.03957727923989296,0.00023587180476170033,1
457,0.055838629603385925,-0.00016493850853294134,0.03809777647256851,0.00010037984611699358,1
458,0.056992314755916595,0.005498112645000219,0.039893582463264465,0.00034502753987908363,1
459,0.05741365626454353,0.005106350407004356,0.03914448246359825,0.00034513892023824155,1
460,0.058109741657972336,0.004942514002323151,0.03825818747282028,0.00023587180476170033,1
461,0.05908055976033211,0.005006602965295315,0.037234701216220856,0.00010037984611699358,1
462,0.061257656663656235,0.010267346166074276,0.03712425380945206,0.00034513892023824155,1
463,0.06177119165658951,0.010146476328372955,0.03647039458155632,0.00023587180476170033,1
464,0.0624874085187912,0.010193757712841034,0.03571532294154167,0.00010037984611699358,1
465,0.06474873423576355,0.01568085327744484,0.03534781187772751,0.0003222376690246165,1
466,0.06499393284320831,0.015452861785888672,0.034911856055259705,0.00034513892023824155,1
467,0.06539903581142426,0.015357514843344688,0.03439606353640556,0.00023587180476170033,1
468,0.06596401333808899,0.015394812449812889,0.033800430595874786,0.00010037984611699358,1
469,0.048000287264585495,-0.0027763277757912874,0.04512663558125496,0.00034513892023824155,1
470,0.04819292947649956,-0.0006916297134011984,0.04642919450998306,0.00023587180476170033,1
471,0.04890252277255058,0.0020311223343014717,0.04762561246752739,0.00010037984611699358,1
472,0.05260343477129936,0.0015114014968276024,0.04288183152675629,0.00034513892023824155,1
473,0.05273205041885376,0.002903230953961611,0.04375147446990013,0.00023587180476170033,1
474,0.05320580676198006,0.0047210510820150375,0.044550251215696335,0.00010037984611699358,1
475,0.05684252455830574,0.00616625789552927,0.04054420441389084,0.00034513892023824155,1
476,0.056931499391794205,0.007129094563424587,0.04114580154418945,0.00023587180476170033,1
477,0.05725923180580139,0.008386623114347458,0.04169837757945061,0.00010037984611699358,1
478,0.060946814715862274,0.010556366294622421,0.03767690062522888,0.0003307302831672132,1
479,0.0608363077044487,0.011049287393689156,0.038156893104314804,0.00034513892023824155,1
480,0.0609019473195076,0.011759616434574127,0.03860072046518326,0.00023587180476170033,1
481,0.06114372983574867,0.012687351554632187,0.039008378982543945,0.00010037984611699358,1
482,0.06466155499219894,0.016069691628217697,0.03572644665837288,0.00034513892023824155,1
483,0.06471333652734756,0.016630027443170547,0.03607655689120293,0.00023587180476170033,1
484,0.06490406394004822,0.017361866310238838,0.036398135125637054,0.00010037984611699358,1
485,0.03712253272533417,-0.011022483929991722,0.04429589956998825,0.0009631628054194152,1
486,0.043238673359155655,-0.008539278991520405,0.044911134988069534,0.0006217653863132,1
487,0.06843899190425873,0.020850203931331635,0.032939180731773376,7.67610763432458e-05,1
488,0.05971510708332062,-0.01295369490981102,0.011522968299686909,0.00031144070089794695,1
489,0.06035551056265831,-0.01272226870059967,0.009404758922755718,0.00021284204558469355,1
490,0.06134657934308052,-0.011918308213353157,0.006958662997931242,9.057908755494282e-05,1
491,0.06233285367488861,-0.00767905218526721,0.010237719863653183,0.00031144070089794695,1
492,0.06276041269302368,-0.007524542510509491,0.0088235167786479,0.00021284204558469355,1
493,0.06342209130525589,-0.006987785920500755,0.007190403528511524,9.057908755494282e-05,1
494,0.0646105706691742,-0.002295111771672964,0.00864084530621767,0.00031144070089794695,1
495,0.06490634381771088,-0.0021882252767682076,0.007662530522793531,0.00021284204558469355,1
496,0.06536407768726349,-0.0018169090617448092,0.006532778963446617,9.057908755494282e-05,1
497,0.06666508316993713,0.0031444989144802094,0.0068427580408751965,0.00031144070089794695,1
498,0.06688329577445984,0.0032233537640422583,0.006121011450886726,0.00021284204558469355,1
499,0.06722098588943481,0.0034972908906638622,0.005287542007863522,9.057908755494282e-05,1
500,0.06848516315221786,0.008710484951734543,0.005406334064900875,0.0002907754387706518,1
501,0.06856303662061691,0.008618799969553947,0.004925121087580919,0.00031144070089794695,1
502,0.06873517483472824,0.00868100393563509,0.004355776123702526,0.00021284204558469355,1
503,0.06900155544281006,0.00889709684997797,0.003698299638926983,9.057908755494282e-05,1
504,0.0594993457198143,-0.011621535755693913,0.01486824732273817,0.00031144070089794695,1
505,0.05991039425134659,-0.009974034503102303,0.016306044533848763,0.00021284204558469355,1
506,0.06065851449966431,-0.00767008401453495,0.017626680433750153,9.057908755494282e-05,1
507,0.06213941425085068,-0.007451314479112625,0.0114330118522048,0.00033325853291898966,1
508,0.06218880042433739,-0.006789647974073887,0.01247116457670927,0.00031144070089794695,1
509,0.06246323511004448,-0.005689708981662989,0.013431096449494362,0.00021284204558469355,1
510,0.06296271085739136,-0.0041514975018799305,0.014312807470560074,9.057908755494282e-05,1
511,0.06447675079107285,-0.002137567847967148,0.009467720985412598,0.0003113401762675494,1
512,0.06451091915369034,-0.001679841661825776,0.010185892693698406,0.00031144070089794695,1
513,0.06470075994729996,-0.0009189280681312084,0.010849952697753906,0.00021284204558469355,1
514,0.0650462880730629,0.00014517270028591156,0.011459900066256523,9.057908755494282e-05,1
515,0.06659156829118729,0.0035984115675091743,0.007982609793543816,0.00031144070089794695,1
516,0.06673162430524826,0.004159771837294102,0.008472517132759094,0.00021284204558469355,1
517,0.06698653846979141,0.0049448078498244286,0.00892250332981348,9.057908755494282e-05,1
518,0.06850504875183105,0.00897686555981636,0.005824285093694925,0.00031144070089794695,1
519,0.06861553341150284,0.009419690817594528,0.006210744846612215,0.00021284204558469355,1
520,0.06881661713123322,0.010038960725069046,0.006565713323652744,9.057908755494282e-05,1
521,0.055982623249292374,-0.01738002896308899,0.014989732764661312,0.0005610582302324474,1
522,0.05942537635564804,-0.012612586840987206,0.013313288800418377,0.0003686589770950377,1
523,0.0665663629770279,0.003260726109147072,0.007452782243490219,0.00029843885567970574,1
524,0.07028020173311234,0.014194320887327194,0.003338332287967205,6.926637433934957e-05,1
525,-0.00352746294811368,-0.01207612082362175,0.010817754082381725,0.00024843585561029613,1
526,-0.003617176553234458,-0.012253236025571823,0.009590096771717072,0.0002098769909935072,1
527,-0.003261515172198415,-0.012362410314381123,0.008137602359056473,0.00014343229122459888,1
528,-0.0024604788050055504,-0.012403641827404499,0.00646026898175478,6.104040949139744e-05,1
529,0.00026016277843154967,-0.011413585394620895,0.008719434030354023,0.0002098769909935072,1
530,0.0004976168274879456,-0.011486473493278027,0.007749689742922783,0.00014343229122459888,1
531,0.001032421481795609,-0.011514001525938511,0.006629833485931158,6.104040949139744e-05,1
532,0.0040527875535190105,-0.010328022763133049,0.007663336582481861,0.0002098769909935072,1
533,0.004217052832245827,-0.010378445498645306,0.006992488168179989,0.00014343229122459888,1
534,0.004587018862366676,-0.010397488251328468,0.006217796355485916,6.104040949139744e-05,1
535,0.007781242486089468,-0.009087814018130302,0.006487309467047453,0.0002098769909935072,1
536,0.00790242850780487,-0.009125012904405594,0.005992394406348467,0.00014343229122459888,1
537,0.00817536935210228,-0.009139061905443668,0.005420869216322899,6.104040949139744e-05,1
538,0.011462651193141937,-0.007742308545857668,0.0052415113896131516,0.0002098769909935072,1
539,0.011558247730135918,-0.007771652657538652,0.00485110143199563,0.00014343229122459888,1
540,0.011773555539548397,-0.007782734930515289,0.004400257486850023,6.104040949139744e-05,1
541,-0.0029442626982927322,-0.01181245967745781,0.011884016916155815,0.0002098769909935072,1
542,-0.0018732990138232708,-0.01145309116691351,0.01286994107067585,0.00014343229122459888,1
543,-0.0003145721275359392,-0.010998014360666275,0.013775525614619255,6.104040949139744e-05,1
544,0.0007094276370480657,-0.011119304224848747,0.010250949300825596,0.0002098769909935072,1
545,0.001424446702003479,-0.010879375040531158,0.010909192264080048,0.00014343229122459888,1
546,0.002465116325765848,-0.010575547814369202,0.01151379756629467,6.104040949139744e-05,1
547,0.0040942225605249405,-0.010246220044791698,0.008230341598391533,0.00020980925182811916,1
548,0.004363578744232655,-0.010124445892870426,0.008722804486751556,0.0002098769909935072,1
549,0.004858213476836681,-0.00995846837759018,0.009178162552416325,0.00014343229122459888,1
550,0.005578125827014446,-0.009748286567628384,0.009596414864063263,6.104040949139744e-05,1
551,0.0078118108212947845,-0.00902746431529522,0.006905614398419857,0.00020111518097110093,1
552,0.00801052711904049,-0.008937626145780087,0.007268927060067654,0.0002098769909935072,1
553,0.008375441655516624,-0.008815176784992218,0.007604865822941065,0.00014343229122459888,1
554,0.008906553499400616,-0.008660116232931614,0.007913429290056229,6.104040949139744e-05,1
555,0.01164352148771286,-0.007623833604156971,0.0058580851182341576,0.0002098769909935072,1
556,0.011931381188333035,-0.007527240552008152,0.006123087834566832,0.00014343229122459888,1
557,0.012350345030426979,-0.007404922507703304,0.0063664959743618965,6.104040949139744e-05,1
558,-0.00746446056291461,-0.01229497417807579,0.012014712207019329,0.0003780919359996915,1
559,0.00032005924731492996,-0.011295336298644543,0.00953906774520874,0.00022457982413470745,1
560,0.011486764997243881,-0.0076947021298110485,0.005571488291025162,0.00019595085177570581,1
561,0.015129128471016884,-0.0062807295471429825,0.004231316968798637,4.667796747526154e-05,1
562,-0.0009727897122502327,-0.02156279981136322,-0.02370539680123329,0.0004276118997950107,1
563,-0.0012215444585308433,-0.021639510989189148,-0.025830022990703583,0.00036124372854828835,1
564,-0.0007376662688329816,-0.021967090666294098,-0.028343766927719116,0.00024687801487743855,1
565,0.000478844391182065,-0.02254554256796837,-0.031246624886989594,0.00010506375110708177,1
566,0.005500167142599821,-0.0235007181763649,-0.025908060371875763,0.00038655049866065383,1
567,0.005334087647497654,-0.023551933467388153,-0.027326550334692,0.00036124372854828835,1
568,0.005657144822180271,-0.023770639672875404,-0.02900482714176178,0.00024687801487743855,1
569,0.006469337269663811,-0.024156836792826653,-0.030942894518375397,0.00010506375110708177,1
570,0.01197387371212244,-0.025007225573062897,-0.02911672741174698,0.00036124372854828835,1
571,0.012197357602417469,-0.02515852265059948,-0.03027772344648838,0.00024687801487743855,1
572,0.012759214267134666,-0.025425685569643974,-0.03161843493580818,0.00010506375110708177,1
573,0.018650302663445473,-0.026165591552853584,-0.031097056344151497,0.00036124372854828835,1
574,0.0188151765614748,-0.0262772087007761,-0.03195357695221901,0.00024687801487743855,1
575,0.01922968402504921,-0.026474308222532272,-0.03294267877936363,0.00010506375110708177,1
576,0.025413166731595993,-0.027099452912807465,-0.032615285366773605,0.0003372738428879529,1
577,0.02534630335867405,-0.02712007239460945,-0.033186353743076324,0.00036124372854828835,1
578,0.0254763625562191,-0.027208121493458748,-0.03386200964450836,0.00024687801487743855,1
579,0.025803344324231148,-0.027363600209355354,-0.034642256796360016,0.00010506375110708177,1
580,9.471399243921041e-05,-0.021755289286375046,-0.02186007797718048,0.00036124372854828835,1
581,0.0019777645356953144,-0.02220594324171543,-0.020153800025582314,0.00024687801487743855,1
582,0.004676361568272114,-0.022914761677384377,-0.01858655922114849,0.00010506375110708177,1
583,0.006212875712662935,-0.023629233241081238,-0.02467605099081993,0.00036124372854828835,1
584,0.007470077369362116,-0.023930108174681664,-0.023536870256066322,0.00024687801487743855,1
585,0.009271770715713501,-0.024403342977166176,-0.022490516304969788,0.00010506375110708177,1
586,0.012088763527572155,-0.024971796199679375,-0.028135448694229126,0.00036112713860347867,1
587,0.012581800110638142,-0.02506070025265217,-0.02728317119181156,0.00036124372854828835,1
588,0.01345150452107191,-0.025268837809562683,-0.026495112106204033,0.00024687801487743855,1
589,0.014697875827550888,-0.025596212595701218,-0.02577126771211624,0.00010506375110708177,1
590,0.018735062330961227,-0.026139453053474426,-0.030373122543096542,0.000346162763889879,1
591,0.0190987978130579,-0.026205040514469147,-0.029744358733296394,0.00036124372854828835,1
592,0.01974041759967804,-0.026358595117926598,-0.029162971302866936,0.00024687801487743855,1
593,0.020659923553466797,-0.02660011313855648,-0.028628958389163017,0.00010506375110708177,1
594,0.025700094178318977,-0.027151191607117653,-0.03211928531527519,0.00036124372854828835,1
595,0.026206232607364655,-0.02727232128381729,-0.03166066110134125,0.00024687801487743855,1
596,0.026931578293442726,-0.02746284194290638,-0.031239410862326622,0.00010506375110708177,1
597,-0.0071066380478441715,-0.018699299544095993,-0.021588170900940895,0.0006507780635729432,1
598,0.03211057186126709,-0.02790973335504532,-0.03485947847366333,8.034288475755602e-05,1
599,-0.06754900515079498,0.028351670131087303,-0.04514164850115776,0.0003243235405534506,1
600,-0.0677884966135025,0.029938315972685814,-0.04538785666227341,0.0002739920455496758,1
601,-0.06848108023405075,0.031624943017959595,-0.046099621802568436,0.00018724922847468406,1
602,-0.06962674856185913,0.03341154754161835,-0.047276947647333145,7.968756108311936e-05,1
603,-0.07147976756095886,0.029411256313323975,-0.04900830611586571,0.0002739920455496758,1
604,-0.07194216549396515,0.030537312850356102,-0.04948350787162781,0.00018724922847468406,1
605,-0.07270705699920654,0.03173011913895607,-0.050269536674022675,7.968756108311936e-05,1
606,-0.07502921670675278,0.02908511273562908,-0.052825991064310074,0.0002739920455496758,1
607,-0.07534913718700409,0.029864193871617317,-0.05315476655960083,0.00018724922847468406,1
608,-0.0758783370256424,0.030689455568790436,-0.0536985918879509,7.968756108311936e-05,1
609,-0.07815249264240265,0.028893111273646355,-0.05703098326921463,0.0002739920455496758,1
610,-0.07838849723339081,0.02946784533560276,-0.05727352574467659,0.00018724922847468406,1
611,-0.07877889275550842,0.03007664903998375,-0.05767470970749855,7.968756108311936e-05,1
612,-0.08053017407655716,0.02877911925315857,-0.06171301007270813,0.0002739920455496758,1
613,-0.0807163417339325,0.029232490807771683,-0.06190433353185654,0.00018724922847468406,1
614,-0.08102430403232574,0.0297127366065979,-0.062220800668001175,7.968756108311936e-05,1
615,-0.06778872758150101,0.026765059679746628,-0.04538785666227341,0.0002739920455496758,1
616,-0.06848156452178955,0.025078535079956055,-0.046099621802568436,0.00018724922847468406,1
617,-0.06962749361991882,0.023292100057005882,-0.04727694392204285,7.968756108311936e-05,1
618,-0.07131987065076828,0.02835194766521454,-0.048843931406736374,0.00029318183078430593,1
619,-0.0714799240231514,0.027292663231492043,-0.04900830611586571,0.0002739920455496758,1
620,-0.07194248586893082,0.026166673749685287,-0.04948350787162781,0.00018724922847468406,1
621,-0.07270755618810654,0.024973979219794273,-0.050269536674022675,7.968756108311936e-05,1
622,-0.07502932846546173,0.02761933207511902,-0.052825991064310074,0.0002739920455496758,1
623,-0.075349360704422,0.026840297505259514,-0.05315476655960083,0.00018724922847468406,1
624,-0.07587868720293045,0.026015114039182663,-0.0536985918879509,7.968756108311936e-05,1
625,-0.07807087898254395,0.028352446854114532,-0.05694708228111267,0.00026255365810357034,1
626,-0.07815256714820862,0.027811793610453606,-0.05703098326921463,0.0002739920455496758,1
627,-0.07838866114616394,0.027237094938755035,-0.05727352574467659,0.00018724922847468406,1
628,-0.07877914607524872,0.026628348976373672,-0.05767470970749855,7.968756108311936e-05,1
629,-0.08053023368120193,0.027926137670874596,-0.06171300634741783,0.0002739920455496758,1
630,-0.08071646839380264,0.02747279405593872,-0.06190433353185654,0.00018724922847468406,1
631,-0.08102450519800186,0.026992592960596085,-0.062220800668001175,7.968756108311936e-05,1
632,-0.06375937163829803,0.02835139073431492,-0.04145842790603638,0.0004935333272442222,1
633,-0.07491859048604965,0.02835221402347088,-0.05271226167678833,0.00027390592731535435,1
634,-0.08046579360961914,0.02835262380540371,-0.061646830290555954,0.00025581149384379387,1
635,-0.08196321129798889,0.028352733701467514,-0.06670781970024109,6.093756019254215e-05,1
636,0.05617235228419304,-0.019440801814198494,-0.02901657298207283,0.00036531806108541787,1
637,0.058376628905534744,-0.018995575606822968,-0.030340736731886864,0.00024966243654489517,1
638,0.060709740966558456,-0.018514782190322876,-0.0325310193002224,0.0001062487208400853,1
639,0.054050296545028687,-0.019611064344644547,-0.035600267350673676,0.0003909041406586766,1
640,0.05543594807386398,-0.01933755911886692,-0.035906076431274414,0.00036531806108541787,1
641,0.05690760910511017,-0.01904030703008175,-0.036790139973163605,0.00024966243654489517,1
642,0.05846528708934784,-0.01871931180357933,-0.03825245797634125,0.0001062487208400853,1
643,0.05502331629395485,-0.019495462998747826,-0.04285594820976257,0.00036531806108541787,1
644,0.05604150891304016,-0.019289806485176086,-0.043467603623867035,0.00024966243654489517,1
645,0.0571192130446434,-0.01906771957874298,-0.04447932913899422,0.0001062487208400853,1
646,0.05422576889395714,-0.02051224373281002,-0.04963262379169464,0.00035006710095331073,1
647,0.05493299663066864,-0.020372647792100906,-0.0497887060046196,0.00036531806108541787,1
648,0.05568412318825722,-0.020220931619405746,-0.0502399280667305,0.00024966243654489517,1
649,0.05647915601730347,-0.02005709707736969,-0.050986286252737045,0.0001062487208400853,1
650,0.05516631156206131,-0.022367320954799652,-0.056497689336538315,0.00036531806108541787,1
651,0.05575883015990257,-0.022247642278671265,-0.056853629648685455,0.00024966243654489517,1
652,0.05638597905635834,-0.022118402644991875,-0.05744238197803497,0.0001062487208400853,1
653,0.05409691482782364,-0.019850462675094604,-0.028558529913425446,0.00043242587707936764,1
654,0.0520193912088871,-0.020249444991350174,-0.02901657298207283,0.00036531806108541787,1
655,0.04980910196900368,-0.020663799718022346,-0.030340736731886864,0.00024966243654489517,1
656,0.04746604710817337,-0.021093526855111122,-0.0325310155749321,0.0001062487208400853,1
657,0.05266326665878296,-0.019877441227436066,-0.035906076431274414,0.00036531806108541787,1
658,0.05118758976459503,-0.020154079422354698,-0.036790139973163605,0.00024966243654489517,1
659,0.0496232733130455,-0.020440982654690742,-0.03825245797634125,0.0001062487208400853,1
660,0.05310499295592308,-0.019868988543748856,-0.04285594820976257,0.00036531806108541787,1
661,0.052084024995565414,-0.020060386508703232,-0.043467599898576736,0.00024966243654489517,1
662,0.05100172758102417,-0.020258884876966476,-0.04447932913899422,0.0001062487208400853,1
663,0.05351783335208893,-0.020648200064897537,-0.0497887060046196,0.00036531806108541787,1
664,0.0527646578848362,-0.02078939601778984,-0.0502399280667305,0.00024966243654489517,1
665,0.051966238766908646,-0.02093582972884178,-0.050986286252737045,0.0001062487208400853,1
666,0.054049983620643616,-0.022584686055779457,-0.056497689336538315,0.00036531806108541787,1
667,0.05345584824681282,-0.02269606664776802,-0.056853629648685455,0.00024966243654489517,1
668,0.05282602831721306,-0.02281157858669758,-0.05744238197803497,0.0001062487208400853,1
669,0.05418279394507408,-0.02029152773320675,-0.01447405107319355,0.0009999871253967285,1
670,0.05415033921599388,-0.02012484334409237,-0.021517982706427574,0.0006580359768122435,1
671,0.054064638912677765,-0.019684692844748497,-0.04264437407255173,0.00036520324647426605,1
672,0.05460842698812485,-0.022477438673377037,-0.05637456476688385,0.00034107762621715665,1
673,0.05522027984261513,-0.025619763880968094,-0.06264128535985947,8.124903979478404e-05,1
674,-0.011501805856823921,-0.01775471679866314,-0.06481447070837021,0.00036531806108541787,1
675,-0.012473450973629951,-0.01978476345539093,-0.06613556295633316,0.00024966243654489517,1
676,-0.01345458347350359,-0.021960580721497536,-0.06832076609134674,0.0001062487208400853,1
677,-0.010610684752464294,-0.017431052401661873,-0.07167881727218628,0.00036531806108541787,1
678,-0.011259393766522408,-0.018786393105983734,-0.07256083190441132,0.00024966243654489517,1
679,-0.01191443670541048,-0.020239053294062614,-0.07401975244283676,0.0001062487208400853,1
680,-0.010122649371623993,-0.017197059467434883,-0.07862166315317154,0.00036531806108541787,1
681,-0.010571468621492386,-0.018134772777557373,-0.07923189550638199,0.00024966243654489517,1
682,-0.01102467067539692,-0.019139818847179413,-0.08024127781391144,0.0001062487208400853,1
683,-0.010396450757980347,-0.016762010753154755,-0.08559135347604752,0.00036531806108541787,1
684,-0.010727548971772194,-0.017453769221901894,-0.08604152500629425,0.00024966243654489517,1
685,-0.011061878874897957,-0.018195198848843575,-0.08678615093231201,0.0001062487208400853,1
686,-0.0117525989189744,-0.015871502459049225,-0.09240394085645676,0.00036531806108541787,1
687,-0.012013780884444714,-0.016417186707258224,-0.09275905787944794,0.00024966243654489517,1
688,-0.012277512811124325,-0.017002053558826447,-0.09334644675254822,0.0001062487208400853,1
689,-0.010539649054408073,-0.015870438888669014,-0.06435748934745789,0.00043242587707936764,1
690,-0.009521559812128544,-0.014015784487128258,-0.06481447070837021,0.00036531806108541787,1
691,-0.008388218469917774,-0.012071375735104084,-0.06613556295633316,0.00024966243654489517,1
692,-0.0071396250277757645,-0.010037213563919067,-0.06832076609134674,0.0001062487208400853,1
693,-0.00928859505802393,-0.01493479497730732,-0.07167881727218628,0.00036531806108541787,1
694,-0.008531931787729263,-0.013636630959808826,-0.07256082445383072,0.00024966243654489517,1
695,-0.0076983217149972916,-0.012278543785214424,-0.07401975244283676,0.0001062487208400853,1
696,-0.009207939729094505,-0.015469982288777828,-0.07862166315317154,0.00036531806108541787,1
697,-0.0086844302713871,-0.01457182690501213,-0.07923189550638199,0.00024966243654489517,1
698,-0.008107684552669525,-0.01363221276551485,-0.08024127781391144,0.0001062487208400853,1
699,-0.010068587027490139,-0.016119925305247307,-0.08543562889099121,0.00035006710095331073,1
700,-0.009721662849187851,-0.015487933531403542,-0.08559134602546692,0.00036531806108541787,1
701,-0.009335466660559177,-0.014825358055531979,-0.08604152500629425,0.00024966243654489517,1
702,-0.008909996598958969,-0.014132197946310043,-0.08678615093231201,0.0001062487208400853,1
703,-0.011493968777358532,-0.015365002676844597,-0.09228110313415527,0.00034107762621715665,1
704,-0.011220301501452923,-0.014866464771330357,-0.09240394085645676,0.00036531806108541787,1
705,-0.010915655642747879,-0.014343800954520702,-0.09275905787944794,0.00024966243654489517,1
706,-0.010580029338598251,-0.013797011226415634,-0.09334644675254822,0.0001062487208400853,1
707,-0.011142367497086525,-0.015551220625638962,-0.057344477623701096,0.0006580359768122435,1
708,-0.009968312457203865,-0.01617303490638733,-0.07137371599674225,0.0003909041406586766,1
709,-0.00967821292579174,-0.016326678916811943,-0.0784105733036995,0.00036520324647426605,1
710,-0.014001422561705112,-0.014036983251571655,-0.09872077405452728,8.124903979478404e-05,1
edges 710
0,1
1,2
2,3
3,4
4,5
5,6
6,7
7,8
8,9
9,10
10,11
11,12
12,13
13,65
65,14
14,15
15,16
16,17
17,18
18,19
19,20
20,21
21,22
22,23
23,24
24,25
25,26
26,27
27,28
28,29
29,30
30,31
31,32
32,33
33,34
34,35
35,36
36,37
37,38
38,39
39,40
40,408
408,41
41,42
42,43
43,44
44,45
45,46
46,47
47,48
48,49
49,50
50,51
51,52
52,446
446,53
53,54
54,55
55,56
56,57
57,58
58,59
59,60
60,61
61,62
62,63
63,64
65,66
66,67
67,68
68,69
69,70
70,71
71,72
72,73
73,74
74,75
75,76
76,77
77,78
78,79
79,80
80,81
81,82
82,83
83,485
485,84
84,85
85,86
86,87
87,88
88,89
89,90
90,91
91,92
92,93
93,94
94,95
95,295
295,96
96,97
97,98
98,99
99,100
100,101
101,102
102,103
103,104
104,105
105,106
106,669
22,107
107,108
108,109
109,110
110,111
111,112
112,113
113,114
114,115
115,116
116,117
117,118
118,119
119,120
120,121
121,122
122,123
123,124
124,125
125,126
126,127
127,128
128,129
129,130
130,131
131,132
132,133
133,134
134,135
135,136
136,137
137,138
138,139
139,140
140,141
141,142
142,143
143,144
144,145
145,146
146,147
147,148
148,149
149,150
185,151
151,152
152,153
154,155
155,156
156,157
173,158
158,159
159,160
177,161
161,162
162,163
186,164
164,165
165,166
185,167
167,168
168,169
154,170
170,171
171,172
173,174
174,175
175,176
177,178
178,179
179,180
186,181
181,182
182,183
408,184
184,185
185,154
154,173
173,177
177,186
186,187
188,189
189,190
190,191
221,192
192,193
193,194
210,195
195,196
196,197
222,198
198,199
199,200
223,201
201,202
202,203
188,204
204,205
205,206
221,207
207,208
208,209
210,211
211,212
212,213
222,214
214,215
215,216
223,217
217,218
218,219
446,220
220,188
188,221
221,210
210,222
222,223
223,224
241,225
225,226
226,227
228,229
229,230
230,231
248,232
232,233
233,234
252,235
235,236
236,237
260,238
238,239
239,240
241,242
242,243
243,244
228,245
245,246
246,247
248,249
249,250
250,251
252,253
253,254
254,255
260,256
256,257
257,258
485,259
259,241
241,228
228,248
248,252
252,260
260,261
297,262
262,263
263,264
265,266
266,267
267,268
298,269
269,270
270,271
287,272
272,273
273,274
291,275
275,276
276,277
297,278
278,279
279,280
265,281
281,282
282,283
298,284
284,285
285,286
287,288
288,289
289,290
291,292
292,293
293,294
295,296
296,297
297,265
265,298
298,287
287,291
291,299
300,301
301,302
302,303
319,304
304,305
305,306
335,307
307,308
308,309
326,310
310,311
311,312
330,313
313,314
314,315
300,316
316,317
317,318
319,320
320,321
321,322
335,323
323,324
324,325
326,327
327,328
328,329
330,331
331,332
332,333
125,334
334,300
300,319
319,335
335,326
326,330
330,336
354,337
337,338
338,339
340,341
341,342
342,343
344,345
345,346
346,347
364,348
348,349
349,350
372,351
351,352
352,353
354,355
355,356
356,357
340,358
358,359
359,360
344,361
361,362
362,363
364,365
365,366
366,367
372,368
368,369
369,370
138,371
371,354
354,340
340,344
344,364
364,372
372,373
374,375
375,376
376,377
378,379
379,380
380,381
382,383
383,384
384,385
410,386
386,387
387,388
389,390
390,391
391,392
374,393
393,394
394,395
378,396
396,397
397,398
382,399
399,400
400,401
410,402
402,403
403,404
389,405
405,406
406,407
408,409
409,374
374,378
378,382
382,410
410,389
389,411
448,412
412,413
413,414
415,416
416,417
417,418
419,420
420,421
421,422
438,423
423,424
424,425
442,426
426,427
427,428
448,429
429,430
430,431
415,432
432,433
433,434
419,435
435,436
436,437
438,439
439,440
440,441
442,443
443,444
444,445
446,447
447,448
448,415
415,419
419,438
438,442
442,449
450,451
451,452
452,453
454,455
455,456
456,457
458,459
459,460
460,461
478,462
462,463
463,464
465,466
466,467
467,468
450,469
469,470
470,471
454,472
472,473
473,474
458,475
475,476
476,477
478,479
479,480
480,481
465,482
482,483
483,484
485,486
486,450
450,454
454,458
458,478
478,465
465,487
522,488
488,489
489,490
507,491
491,492
492,493
511,494
494,495
495,496
523,497
497,498
498,499
500,501
501,502
502,503
522,504
504,505
505,506
507,508
508,509
509,510
511,512
512,513
513,514
523,515
515,516
516,517
500,518
518,519
519,520
295,521
521,522
522,507
507,511
511,523
523,500
500,524
525,526
526,527
527,528
559,529
529,530
530,531
547,532
532,533
533,534
551,535
535,536
536,537
560,538
538,539
539,540
525,541
541,542
542,543
559,544
544,545
545,546
547,548
548,549
549,550
551,552
552,553
553,554
560,555
555,556
556,557
125,558
558,525
525,559
559,547
547,551
551,560
560,561
562,563
563,564
564,565
566,567
567,568
568,569
586,570
570,571
571,572
590,573
573,574
574,575
576,577
577,578
578,579
562,580
580,581
581,582
566,583
583,584
584,585
586,587
587,588
588,589
590,591
591,592
592,593
576,594
594,595
595,596
138,597
597,562
562,566
566,586
586,590
590,576
576,598
599,600
600,601
601,602
618,603
603,604
604,605
633,606
606,607
607,608
625,609
609,610
610,611
634,612
612,613
613,614
599,615
615,616
616,617
618,619
619,620
620,621
633,622
622,623
623,624
625,626
626,627
627,628
634,629
629,630
630,631
64,632
632,599
599,618
618,633
633,625
625,634
634,635
653,636
636,637
637,638
639,640
640,641
641,642
671,643
643,644
644,645
646,647
647,648
648,649
672,650
650,651
651,652
653,654
654,655
655,656
639,657
657,658
658,659
671,660
660,661
661,662
646,663
663,664
664,665
672,666
666,667
667,668
669,670
670,653
653,639
639,671
671,646
646,672
672,673
689,674
674,675
675,676
708,677
677,678
678,679
709,680
680,681
681,682
699,683
683,684
684,685
703,686
686,687
687,688
689,690
690,691
691,692
708,693
693,694
694,695
709,696
696,697
697,698
699,700
700,701
701,702
703,704
704,705
705,706
150,707
707,689
689,708
708,709
709,699
699,703
703,710
